!
! LEPTONS
! e+ e- nu_e+ nu_e- 
! mu nu_mu+ nu_mu-
! tau nu_tau+ nu_tau-
!
          12         11          11   3    3     e-                    0  0   0   0  0.00051    -1.00000  0.0000E+00  1  2  R
!           -12        -11         -11  2    2     e+                    0  0   0   0  0.00051    1.00000   0.0000E+00  1  2  R
          11         12          99   66   15    nu_e-                 0  0   0   0  0.00000    0.00000   0.0000E+00  1  2  R
!          -11        -12         99   67   16    nu_e+                 0  0   0   0  0.00000    0.00000   0.0000E+00  1  2  R
          14         13          99   6    5     mu-                   0  0   0   0  0.10566    -1.0000   0.2991E-18  1  2  R
!          -14        -13         99   5    4     mu+                   0  0   0   0  0.10566    +1.0000   0.2991E-18  1  2  R
          13         14          99   68   17    nu_mu-                0  0   0   0  0.00000    0.00000   0.0000E+00  1  2  R
!          -13        -14         99   69   18    nu_mu+                0  0   0   0  0.00000    0.00000   0.0000E+00  1  2  R
          16         15          99   132  19    tau-                  0  0   0   0  1.77686   -1.00000   0.2262E-11  1  2  R
!          -16        -15         99   131  -19   tau+                  0  0   0   0  1.77686   +1.00000   0.2262E-11  1  2  R
          15         16          99   133  20    nu_tau-               0  0   0   0  0.00000    0.00000   0.0000E+00  1  2  R
!          -15        -16         99   134  -20   nu_tau+               0  0   0   0  0.00000    0.00000   0.0000E+00  1  2  R
