! -------------------------------------------                                                                   
!       Baryons                                                                                               
! -------------------------------------------                                                                 
       1120       2212        2    14   13    Proton                1  1   2   0  0.93827    1.00000   0.0000E+00  2  2  R  
       1220       2112        3    13   14    Neutron               1  2   2   0  0.93965    0.00000   0.7478E-27  2  2  R
       2130       3122        6    18   39    Lambda                2  1   3   0  1.115683   0.00000   0.2501E-14  2  2  R
       1130       3222        99   19   34    Sigma+                1  1   3   0  1.18937    1.00000   0.8209E-14  2  2  R
       1230       3212        99   20   35    Sigma0                1  2   3   0  1.19260    0.00000   0.8900E-05  2  2  R
       2230       3112        99   21   36    Sigma-                2  2   3   0  1.19744    -1.00000  0.4450E-14  2  2  R
       1330       3322        99   22   37    Xi0                   1  3   3   0  1.31486    0.00000   0.2270E-14  2  2  R
       2330       3312        99   23   38    Xi-                   2  3   3   0  1.32171    -1.00000  0.4020E-14  2  2  R
       1111       2224        99   54   40    Delta++               1  1   1   1  1.23200    2.00000   0.1170E+00  2  4  R
       1121       2214        99   55   41    Delta+                1  1   2   1  1.23200    1.00000   0.1170E+00  2  4  R
       1221       2114        99   56   42    Delta0                1  2   2   1  1.23200    0.00000   0.1170E+00  2  4  R
       2221       1114        99   57   43    Delta-                2  2   2   1  1.23200    -1.00000  0.1170E+00  2  4  R
       1131       3224        99   99   44    Sigma*+               1  1   3   1  1.38280    1.00000   0.3600E-01  2  4  R
       1231       3214        99   99   45    Sigma*0               1  2   3   1  1.38370    0.00000   0.3600E-01  2  4  R
       2231       3114        99   99   46    Sigma*-               2  2   3   1  1.38720    -1.00000  0.3940E-01  2  4  R
       1331       3324        99   99   47    Xi*0                  1  3   3   1  1.53180    0.00000   0.9000E-02  2  4  R
       2331       3314        99   99   48    Xi*-                  2  3   3   1  1.53500    -1.00000  0.0990E-01  2  4  R
       3331       3334        99   24   49    Omega-                3  3   3   1  1.67245    -1.00000  0.8000E-14  2  4  R
       1112       32224       99   99   99    Delta(1600)++         1  1   1   2  1.57000    2.00000   0.2500E+00  2  4  R
       1113       2222        99   99   99    Delta(1620)++         1  1   1   3  1.61000    2.00000   0.1300E+00  2  2  R
       1114       12224       99   99   99    Delta(1700)++         1  1   1   4  1.71000    2.00000   0.3000E+00  2  4  D
       1115       12222       99   99   99    Delta(1900)++         1  1   1   5  1.86000    2.00000   0.2500E+00  2  2  S
       1116       2226        99   99   99    Delta(1905)++         1  1   1   6  1.88000    2.00000   0.3300E+00  2  6  D
       1117       22222       99   99   99    Delta(1910)++         1  1   1   7  1.90000    2.00000   0.3000E+00  2  2  D
       1118       22224       99   99   99    Delta(1920)++         1  1   1   8  1.92000    2.00000   0.3000E+00  2  4  D
       1119       12226       99   99   99    Delta(1930)++         1  1   1   9  1.95000    2.00000   0.3000E+00  2  6  D
       2222       31114       99   99   99    Delta(1600)-          2  2   2   2  1.57000    -1.00000  0.2500E+00  2  4  R
       2223       1112        99   99   99    Delta(1620)-          2  2   2   3  1.61000    -1.00000  0.1300E+00  2  2  R
       2224       11114       99   99   99    Delta(1700)-          2  2   2   4  1.71000    -1.00000  0.3000E+00  2  4  D
       2225       11112       99   99   99    Delta(1900)-          2  2   2   5  1.86000    -1.00000  0.2500E+00  2  2  S
       2226       1116        99   99   99    Delta(1905)-          2  2   2   6  1.88000    -1.00000  0.3300E+00  2  6  D
       2227       21112       99   99   99    Delta(1910)-          2  2   2   7  1.90000    -1.00000  0.3000E+00  2  2  D
       2228       21114       99   99   99    Delta(1920)-          2  2   2   8  1.92000    -1.00000  0.3000E+00  2  4  D
       2229       11116       99   99   99    Delta(1930)-          2  2   2   9  1.95000    -1.00000  0.3000E+00  2  6  D
       1122       12212       99   99   99    N(1440)+              1  1   2   2  1.44000    1.00000   0.3500E+00  2  2  R
       1123       2124        99   99   99    N(1520)+              1  1   2   3  1.51500    1.00000   0.1100E+00  2  4  R
       1124       22212       99   99   99    N(1535)+              1  1   2   4  1.53000    1.00000   0.1500E+00  2  2  R
       1125       32214       99   99   99    Delta(1600)+          1  1   2   5  1.57000    1.00000   0.2500E+00  2  4  R
       1126       2122        99   99   99    Delta(1620)+          1  1   2   6  1.61000    1.00000   0.1200E+00  2  2  R
       1127       32212       99   99   99    N(1650)+              1  1   2   7  1.65000    1.00000   0.1250E+00  2  2  D
       1128       2216        99   99   99    N(1675)+              1  1   2   8  1.67500    1.00000   0.1450E+00  2  6  D
       1129       12216       99   99   99    N(1680)+              1  1   2   9  1.68500    1.00000   0.1200E+00  2  6  D
       2112       12214       99   99   99    Delta(1700)+          2  1   1   2  1.71000    1.00000   0.3000E+00  2  4  D
       2113       22124       99   99   99    N(1700)+              2  1   1   3  1.72000    1.00000   0.2000E+00  2  4  D
       2114       42212       99   99   99    N(1710)+              2  1   1   4  1.71000    1.00000   0.1400E+00  2  2  D
       2115       32124       99   99   99    N(1720)+              2  1   1   5  1.72000    1.00000   0.2500E+00  2  4  D
       2116       12122       99   99   99    Delta(1900)+          2  1   1   6  1.86000    1.00000   0.2500E+00  2  2  M
       2117       2126        99   99   99    Delta(1905)+          2  1   1   7  1.88000    1.00000   0.3300E+00  2  6  D
       2118       22122       99   99   99    Delta(1910)+          2  1   1   8  1.90000    1.00000   0.3000E+00  2  2  D
       2119       22214       99   99   99    Delta(1920)+          2  1   1   9  1.92000    1.00000   0.3000E+00  2  4  D
       1212       12126       99   99   99    Delta(1930)+          1  2   1   2  1.95000    1.00000   0.3600E+00  2  6  D
       1213       2218        99   99   99    Delta(1950)+          1  2   1   3  1.93000    1.00000   0.2800E+00  2  8  D
       1214       2128        99   99   99    N(2190)+              1  2   1   4  2.18000    1.00000   0.4000E+00  2  8  D
       1215       903128      99   99   99    N(2220)+              1  2   1   5  2.22200    1.00000   0.4000E+00  2  10 D
       1216       5128        99   99   99    N(2250)+              1  2   1   6  2.26000    1.00000   0.5000E+00  2  10 D
       1217       9298        99   99   99    Delta(2420)+          1  2   1   7  2.45000    1.00000   0.4000E+00  2  12 D
       1218       9401        99   99   99    N(2600)+              1  2   1   8  2.60000    1.00000   0.6500E+00  2  12 D
       1222       12112       99   99   99    N(1440)0              1  2   2   2  1.44000    0.00000   0.3500E+00  2  2  R
       1223       1214        99   99   99    N(1520)0              1  2   2   3  1.51500    0.00000   0.1100E+00  2  4  R
       1224       22112       99   99   99    N(1535)0              1  2   2   4  1.53000    0.00000   0.1500E+00  2  2  R
       1225       32114       99   99   99    Delta(1600)0          1  2   2   5  1.57000    0.00000   0.2500E+00  2  4  R
       1226       1212        99   99   99    Delta(1620)0          1  2   2   6  1.61000    0.00000   0.1300E+00  2  2  R
       1227       32112       99   99   99    N(1650)0              1  2   2   7  1.65000    0.00000   0.1250E+00  2  2  D
       1228       2116        99   99   99    N(1675)0              1  2   2   8  1.67500    0.00000   0.1450E+00  2  6  D
       1229       12116       99   99   99    N(1680)0              1  2   2   9  1.68500    0.00000   0.1200E+00  2  6  D
       2212       12114       99   99   99    Delta(1700)0          2  2   1   2  1.71000    0.00000   0.3000E+00  2  4  D
       2213       21214       99   99   99    N(1700)0              2  2   1   3  1.72000    0.00000   0.2000E+00  2  4  D
       2214       42112       99   99   99    N(1710)0              2  2   1   4  1.71000    0.00000   0.1400E+00  2  2  D
       2215       31214       99   99   99    N(1720)0              2  2   1   5  1.72000    0.00000   0.2500E+00  2  4  D
       2216       11212       99   99   99    Delta(1900)0          2  2   1   6  1.86000    0.00000   0.0000E+00  2  2  S
       2217       1216        99   99   99    Delta(1905)0          2  2   1   7  1.88000    0.00000   0.3300E+00  2  6  D
       2218       21212       99   99   99    Delta(1910)0          2  2   1   8  1.90000    0.00000   0.3000E+00  2  2  D
       2219       22114       99   99   99    Delta(1920)0          2  2   1   9  1.92000    0.00000   0.2800E+00  2  4  D
       2122       11216       99   99   99    Delta(1930)0          2  1   2   2  1.95000    0.00000   0.3600E+00  2  6  D
       2123       2118        99   99   99    Delta(1950)0          2  1   2   3  1.93000    0.00000   0.2800E+00  2  8  D
       2124       1218        99   99   99    N(2190)0              2  1   2   4  2.18000    0.00000   0.4000E+00  2  8  D
       2125       903218      99   99   99    N(2220)0              2  1   2   5  2.22000    0.00000   0.4000E+00  2  10 D
       2126       5218        99   99   99    N(2250)0              2  1   2   6  2.25000    0.00000   0.5000E+00  2  10 D
       2127       9299        99   99   99    Delta(2420)0          2  1   2   7  2.42000    0.00000   0.4000E+00  2  12 D
       2128       9400        99   99   99    N(2600)0              2  1   2   8  2.60000    0.00000   0.6500E+00  2  12 D
       1233       13122       99   99   99    Lambda(1405)0         1  2   3   3  1.40510    0.00000   0.5050E-01  2  2  R
       1234       3124        99   99   99    Lambda(1520)0         1  2   3   4  1.51954    0.00000   0.1560E-01  2  4  R
       1235       23122       99   99   99    Lambda(1600)0         1  2   3   5  1.60000    0.00000   0.1500E+00  2  2  D
       1236       33122       99   99   99    Lambda(1670)0         1  2   3   6  1.67000    0.00000   0.3500E-01  2  2  D
       1237       13124       99   99   99    Lambda(1690)0         1  2   3   7  1.69000    0.00000   0.6000E-01  2  4  D
       1238       13212       99   99   99    Sigma(1660)0          1  2   3   8  1.66000    0.00000   0.1000E+00  2  2  R
       1239       13214       99   99   99    Sigma(1670)0          1  2   3   9  1.67000    0.00000   0.6000E-01  2  4  D
       3122       23212       99   99   99    Sigma(1750)0          3  1   2   2  1.75000    0.00000   0.9000E-01  2  2  D
       3123       3216        99   99   99    Sigma(1775)0          3  1   2   3  1.77500    0.00000   0.1200E+00  2  6  D
       3124       43122       99   99   99    Lambda(1800)0         3  1   2   4  1.80000    0.00000   0.3000E+00  2  2  D
       3125       53122       99   99   99    Lambda(1810)0         3  1   2   5  1.81000    0.00000   0.1500E+00  2  2  D
       3126       3126        99   99   99    Lambda(1820)0         3  1   2   6  1.82000    0.00000   0.8000E-01  2  6  D
       3127       13126       99   99   99    Lambda(1830)0         3  1   2   7  1.83000    0.00000   0.9500E-01  2  6  D
       3128       23124       99   99   99    Lambda(1890)0         3  1   2   8  1.89000    0.00000   0.1000E+00  2  4  D
       3129       13216       99   99   99    Sigma(1915)0          3  1   2   9  1.91500    0.00000   0.1200E+00  2  6  D
       3212       23214       99   99   99    Sigma(1940)0          3  2   1   2  1.94100    0.00000   0.2200E+00  2  4  D
       3213       3218        99   99   99    Sigma(2030)0          3  2   1   3  2.03000    0.00000   0.1800E+00  2  8  D
       3214       23126       99   99   99    Lambda(2110)0         3  2   1   4  2.11000    0.00000   0.2000E+00  2  6  D
       3215       4228        99   99   99    Sigma(2250)0          3  2   1   5  2.25000    0.00000   0.1000E+00  2  8  B
       3216       9001        99   99   99    Lambda(2350)0         3  2   1   6  2.35000    0.00000   0.1500E+00  2  10 D
       3217       3128        99   99   99    Lambda(2100)0         3  2   1   7  2.10000    0.00000   0.2000E+00  2  8  D
       1132       13222       99   99   99    Sigma(1660)+          1  1   3   2  1.66000    1.00000   0.1000E+00  2  2  R
       1133       13224       99   99   99    Sigma(1670)+          1  1   3   3  1.67000    1.00000   0.6000E-01  2  4  D
       1134       23222       99   99   99    Sigma(1750)+          1  1   3   4  1.75000    1.00000   0.9000E-01  2  2  D
       1135       3226        99   99   99    Sigma(1775)+          1  1   3   5  1.77500    1.00000   0.1200E+00  2  6  D
       1136       13226       99   99   99    Sigma(1915)+          1  1   3   6  1.91500    1.00000   0.1200E+00  2  6  D
       1137       23224       99   99   99    Sigma(1940)+          1  1   3   7  1.94000    1.00000   0.2200E+00  2  4  D
       1138       3228        99   99   99    Sigma(2030)+          1  1   3   8  2.03000    1.00000   0.1800E+00  2  8  D
       1139       4028        99   99   99    Sigma(2250)+          1  1   3   9  2.25000    1.00000   0.1000E+00  2  8  B
       2232       13112       99   99   99    Sigma(1660)-          2  2   3   2  1.66000    -1.00000  0.1000E+00  2  2  R
       2233       13114       99   99   99    Sigma(1670)-          2  2   3   3  1.67000    -1.00000  0.6000E-01  2  4  D
       2234       23112       99   99   99    Sigma(1750)-          2  2   3   4  1.75000    -1.00000  0.9000E-01  2  2  D
       2235       3116        99   99   99    Sigma(1775)-          2  2   3   5  1.77500    -1.00000  0.1200E+00  2  6  D
       2236       13116       99   99   99    Sigma(1915)-          2  2   3   6  1.91500    -1.00000  0.1200E+00  2  6  D
       2237       23114       99   99   99    Sigma(1940)-          2  2   3   7  1.94000    -1.00000  0.2200E+00  2  4  D
       2238       3118        99   99   99    Sigma(2030)-          2  2   3   8  2.03000    -1.00000  0.1800E+00  2  8  D
       2239       4128        99   99   99    Sigma(2250)-          2  2   3   9  2.25000    -1.00000  0.1000E+00  2  10 B
       1332       45553       99   99   99    Xi(1620)0             1  3   3   2  1.62400    0.00000   0.2250E-01  2  6  T
       1333       203322      99   99   99    Xi(1690)0             1  3   3   3  1.69000    0.00000   0.1000E-01  2  8  B
       1334       13324       99   99   99    Xi(1820)0             1  3   3   4  1.82340    0.00000   0.2400E-01  2  4  D
       1335       103326      99   99   99    Xi(1950)0             1  3   3   5  1.95000    0.00000   0.6000E-01  2  6  B
       1336       203326      99   99   99    Xi(2030)0             1  3   3   6  2.02510    0.00000   0.2000E-01  2  6  D
       2332       46653       99   99   99    Xi(1620)-             2  3   3   2  1.62400    -1.00000  0.2250E-01  2  6  T
       2333       203312      99   99   99    Xi(1690)-             2  3   3   3  1.69100    -1.00000  0.8000E-02  2  8  B
       2334       13314       99   99   99    Xi(1820)-             2  3   3   4  1.82340    -1.00000  0.2400E-01  2  4  D
       2335       103316      99   99   99    Xi(1950)-             2  3   3   5  1.95000    -1.00000  0.6000E-01  2  6  B
       2336       203316      99   99   99    Xi(2030)-             2  3   3   6  2.02510    -1.00000  0.2000E-01  2  6  D
       3332       203338      99   99   99    Omega(2250)-          3  3   3   2  2.25200    -1.00000  0.5500E-01  2  6  A
! -------------------------------------------                                                                 
!       Charm and bottom baryons                                                                              
! -------------------------------------------                                                                 
       2140       4122        9    137  99    Lambda(c)             2  1   4   0  2.28646    1.00000   0.3300E-11  2  2  R
       2240       4112        99   142  99    Sigma(c)0             2  2   4   0  2.45375    0.00000   0.1830E-02  2  2  R
       1240       4212        99   141  99    Sigma(c)+             1  2   4   0  2.45290    1.00000   0.4600E-02  2  2  R
       1140       4222        99   140  99    Sigma(c)++            1  1   4   0  2.45397    2.00000   0.1890E-02  2  2  R
       2241       4114        99   163  99    Sigma*(c)0            2  2   4   1  2.51700    0.00000   0.1890E-02  2  4  R
       1241       4214        99   162  99    Sigma*(c)+            1  2   4   1  2.52000    1.00000   0.1500E-01  2  4  R
       1141       4224        99   161  99    Sigma*(c)++           1  1   4   1  2.51900    2.00000   0.1478E-01  2  4  R
       3240       4132        99   139  99    Xi(c)0                3  2   4   0  2.47100    0.00000   0.5900E-11  2  2  R
       2340       4312        99   144  99    Xi'(c)0               2  3   4   0  2.57880    0.00000   0.4000E-11  2  2  R
       3140       4232        99   138  99    Xi(c)+                3  1   4   0  2.46789    1.00000   0.1490E-11  2  2  R
       1340       4322        99   143  99    Xi'(c)+               1  3   4   1  2.57740    1.00000   0.4000E-11  2  2  R
       3340       4332        99   145  99    Omega(c)0             3  3   4   0  2.69520    0.00000   0.9600E-11  2  2  R
       2341       4314        99   99   99    Xi*(c)0               2  3   4   1  2.64453    0.00000   0.2350E-02  2  4  R
       1341       4324        99   99   99    Xi*(c)+               1  3   4   1  2.64590    1.00000   0.2140E-02  2  4  R
       3341       4334        99   99   99    Omega*(c)0            3  3   4   1  2.76590    0.00000   0.1000E-02  2  4  R
       2440       4412        99   99   99    Xi(cc)+               2  4   4   0  3.55000    1.00000   0.4000E-11  2  2  N
       2441       4414        99   99   99    Xi*(cc)+              2  4   4   1  3.75000    1.00000   0.1000E-01  2  4  N
       1440       4422        99   99   99    Xi(cc)++              1  4   4   0  3.62160    2.00000   0.4000E-11  2  2  N
       1441       4424        99   99   99    Xi*(cc)++             1  4   4   1  3.75000    2.00000   0.1000E-01  2  4  N
       3440       4432        99   99   99    Omega(cc)+            3  4   4   0  3.70000    1.00000   0.4000E-11  2  2  N
       3441       4434        99   99   99    Omega*(cc)+           3  4   4   1  3.90000    1.00000   0.1000E-01  2  4  N
       4441       4444        99   99   99    Omega(ccc)++          4  4   4   1  4.80000    2.00000   0.1000E-01  2  4  N
       2250       5112        99   99   99    Sigma(b)-             2  2   5   0  5.8155    -1.00000   4.9000E-03  1  2  R
       2150       5122        99   99   99    Lambda(b)0            2  1   5   0  5.61960    0.00000   0.4478E-12  2  2  R
       1250       5212        99   99   99    Sigma(b)0             1  2   5   0  5.8125     0.00000   0.0000E+00  2  2  R
       1150       5222        99   99   99    Sigma(b)+             1  1   5   0  5.8113     1.00000   9.7000E-03  1  2  R
       3350       5332        99   99   99    Omega(b)-             3  3   5   0  6.04610   -1.00000   0.5900E-24  2  2  M
       3351       5334        99   99   99    Omega*(b)-            3  3   5   1  6.33971   -1.00000   1.8000E-03  2  4  T
       1350       5232        99   99   99    Xi(b)0                1  3   5   0  5.79190    0.00000   0.4450E-12  2  2  R
       3250       5132        99   99   99    Xi(b)-                3  2   5   0  5.79700   -1.00000   0.4190E-12  2  2  R
       2350       5312        99   99   99    Xi'(b)(5935)-         2  3   5   1  5.93502   -1.00000   0.0800E-03  2  2  B
       1351       5324        99   99   99    Xi(b)(5945)0          1  3   5   1  5.95230    0.00000   0.9000E-03  2  4  B
       2351       5314        99   99   99    Xi(b)(5955)-          2  3   5   2  5.95533   -1.00000   1.6500E-03  2  4  B
       2251       5114        99   99   99    Sigma*(b)-            2  2   5   1  5.83510   -1.00000   7.5000E-03  1  4  R
       1251       5214        99   99   99    Sigma*(b)0            1  2   5   1  5.83400    0.00000   0.0000E+00  2  4  R
       1151       5224        99   99   99    Sigma*(b)+            1  1   5   1  5.83210    1.00000   1.1500E-02  1  4  R
       2151       5124        99   99   99    Lambda(b)(5912)       2  1   5   1  5.91218    0.00000   0.6600E-03  2  2  M
       2152       5126        99   99   99    Lambda(b)(5920)       2  1   5   2  5.91990    0.00000   0.6300E-03  2  4  M
       1242       14122       99   99   99    Lambda(c)(2595)+      1  2   4   2  2.59225    1.00000   0.2600E-02  2  2  R
       2142       104122      99   99   99    Lambda(c)(2625)+      2  1   4   2  2.62811    1.00000   0.0000E+00  2  4  S
       2143       204126      99   99   99    Lambda(c)(2880)+      2  1   4   3  2.88163    1.00000   5.6000E-03  2  6  S  
       2342       104314      99   99   99    Xi(c)(2790)0          2  3   4   2  2.79280    0.00000   1.0000E-02  2  2  S
       2343       104312      99   99   99    Xi(c)(2815)0          2  3   4   3  2.82022    0.00000   2.5400E-03  2  4  S
       1342       104324      99   99   99    Xi(c)(2790)+          1  3   4   2  2.79200    1.00000   8.9000E-03  2  2  S
       1343       104322      99   99   99    Xi(c)(2815)+          1  3   4   3  2.81667    1.00000   2.4300E-03  2  4  S
!                                                                      Unkown masses set 10.00000
       3150       5322        99   99   99    Xi'(b)0               3  1   5   0  10.00000   0.00000   0.0000E+00  2  2  N
       4250       5142        99   99   99    Xi(bc)0               4  2   5   0  10.00000   0.00000   0.0000E+00  2  2  N 
       2450       5412        99   99   99    Xi'(bc)0              2  4   5   0  10.00000   0.00000   0.0000E+00  2  2  N
       4150       5242        99   99   99    Xi(bc)+               4  1   5   0  10.00000   1.00000   0.0000E+00  2  2  N
       1450       5422        99   99   99    Xi'(bc)+              1  4   5   0  10.00000   1.00000   0.0000E+00  2  2  N
       2451       5414        99   99   99    Xi*(bc)0              2  4   5   1  10.00000   0.00000   0.0000E+00  2  4  N
       1451       5424        99   99   99    Xi*(bc)+              1  4   5   1  10.00000   1.00000   0.0000E+00  2  4  N
       4350       5342        99   99   99    Omega(bc)0            4  3   5   0  10.00000   0.00000   0.0000E+00  2  2  N
       3450       5432        99   99   99    Omega'(bc)0           3  4   5   0  10.00000   0.00000   0.0000E+00  2  2  N
       3451       5434        99   99   99    Omega*(bc)0           3  4   5   1  10.00000   0.00000   0.0000E+00  2  4  N
       4450       5442        99   99   99    Omega(bcc)+           4  4   5   0  10.00000   1.00000   0.0000E+00  2  2  N
       4451       5444        99   99   99    Omega*(bcc)+          4  4   5   1  10.00000   1.00000   0.0000E+00  2  4  N
       2550       5512        99   99   99    Xi(bb)-               2  5   5   0  10.00000  -1.00000   0.0000E+00  2  2  N
       1550       5522        99   99   99    Xi(bb)0               1  5   5   0  10.00000   0.00000   0.0000E+00  2  2  N
       2551       5514        99   99   99    Xi*(bb)-              2  5   5   1  10.00000  -1.00000   0.0000E+00  2  4  N
       1551       5524        99   99   99    Xi*(bb)0              1  5   5   1  10.00000   0.00000   0.0000E+00  2  4  N
       3550       5532        99   99   99    Omega(bb)-            3  5   5   0  10.00000  -1.00000   0.5250E-04  2  2  N
       3551       5534        99   99   99    Omega*(bb)-           3  5   5   1  10.00000  -1.00000   0.0000E+00  2  4  N
       3450       5542        99   99   99    Omega(bbc)0           3  4   5   0  10.00000   0.00000   0.0000E+00  2  2  N
       4551       5544        99   99   99    Omega*(bbc)0          4  5   5   1  10.00000   0.00000   0.0000E+00  2  4  N
       5551       5554        99   99   99    Omega(bbb)-           5  5   5   1  10.00000  -1.00000   0.0000E+00  2  4  N
! -------------------------------------------                                                                   
!   Top mesons and baryons                                                                                    
! -------------------------------------------                                                                 
       1160       99          99   99   99    uut                   1  1   6   0  -1.00000   2.00000   0.0000E+00  2  2  N
       1260       99          99   99   99    udt                   1  2   6   0  -1.00000   1.00000   0.0000E+00  2  2  N
       2260       99          99   99   99    ddt                   2  2   6   0  -1.00000   0.00000   0.0000E+00  2  2  N
       2160       99          99   99   99    udt                   2  1   6   0  -1.00000   1.00000   0.0000E+00  2  2  N
       1360       99          99   99   99    ust                   1  3   6   0  -1.00000   1.00000   0.0000E+00  2  2  N
       2360       99          99   99   99    dst                   2  3   6   0  -1.00000   0.00000   0.0000E+00  2  2  N
       3360       99          99   99   99    sst                   3  3   6   0  -1.00000   0.00000   0.0000E+00  2  2  N
       1161       99          99   99   99    uut*                  1  1   6   1  -1.00000   2.00000   0.0000E+00  2  4  N
       1261       99          99   99   99    udt*                  1  2   6   1  -1.00000   1.00000   0.0000E+00  2  4  N
       2261       99          99   99   99    ddt*                  2  2   6   1  -1.00000   0.00000   0.0000E+00  2  4  N
       2161       99          99   99   99    udt*                  2  1   6   1  -1.00000   1.00000   0.0000E+00  2  4  N
       1361       99          99   99   99    ust*                  1  3   6   1  -1.00000   1.00000   0.0000E+00  2  4  N
       2361       99          99   99   99    dst*                  2  3   6   1  -1.00000   0.00000   0.0000E+00  2  4  N
       3361       99          99   99   99    sst*                  3  3   6   1  -1.00000   0.00000   0.0000E+00  2  4  N
! --------------------------------------------                                                                
!       7xxx baryons                                                                                          
! --------------------------------------------                                                                
       7002       2228        99   99   99    Delta(1950)++         1  1   1   2  1.93000    2.00000   0.2800E+00  2  8  D
       7003       1118        99   99   99    Delta(1950)-          2  2   2   3  1.93000    -1.00000  0.2800E+00  2  8  D
       7004       9297        99   99   99    Delta(2420)++         1  1   1   4  2.40000    2.00000   0.0000E+00  2  12 D
       7005       9300        99   99   99    Delta(2420)-          2  2   2   5  2.40000    -1.00000  0.0000E+00  2  12 D
