# OSC1999A
# full_event_history
# EPOS      3.451  
# (208, 82)+(208, 82)  nncm  0.5020E+04         1
   635      0      1 0.144328E+02 0.371877E+01 
     1       1120      0 0.000000E+00 0.000000E+00 0.251000E+04 0.251000E+04 0.938270E+00 -.813547E+01 -.183452E+01 0.148713E-02 0.000000E+00 
     2       1120      0 0.000000E+00 0.000000E+00 0.251000E+04 0.251000E+04 0.938270E+00 -.293056E+01 -.310939E+01 0.387720E-03 0.000000E+00 
     3       1220      0 0.000000E+00 0.000000E+00 0.251000E+04 0.251000E+04 0.939650E+00 -.788659E+00 -.501767E+01 0.317424E-03 0.000000E+00 
     4       1220      0 0.000000E+00 0.000000E+00 0.251000E+04 0.251000E+04 0.939650E+00 -.813983E+01 -.106830E+02 0.184425E-02 0.000000E+00 
     5       1220      0 0.000000E+00 0.000000E+00 0.251000E+04 0.251000E+04 0.939650E+00 -.779541E+01 -.163268E+01 0.190853E-02 0.000000E+00 
     6       1220      0 0.000000E+00 0.000000E+00 0.251000E+04 0.251000E+04 0.939650E+00 -.125117E+01 -.946679E+01 0.602126E-03 0.000000E+00 
     7       1120      0 0.000000E+00 0.000000E+00 0.251000E+04 0.251000E+04 0.938270E+00 -.864874E+01 -.371411E+01 0.671893E-03 0.000000E+00 
     8       1220      0 0.000000E+00 0.000000E+00 0.251000E+04 0.251000E+04 0.939650E+00 -.288467E+01 0.703921E+00 0.543761E-03 0.000000E+00 
     9       1220      0 0.000000E+00 0.000000E+00 0.251000E+04 0.251000E+04 0.939650E+00 -.370824E+01 -.532260E+01 -.994998E-03 0.000000E+00 
    10       1220      0 0.000000E+00 0.000000E+00 0.251000E+04 0.251000E+04 0.939650E+00 -.497626E+01 0.458231E+00 -.102874E-02 0.000000E+00 
    11       1220      0 0.000000E+00 0.000000E+00 0.251000E+04 0.251000E+04 0.939650E+00 -.750864E+01 -.832153E+01 -.506481E-03 0.000000E+00 
    12       1120      0 0.000000E+00 0.000000E+00 0.251000E+04 0.251000E+04 0.938270E+00 -.587278E+01 -.329482E+01 0.452162E-03 0.000000E+00 
    13       1120      0 0.000000E+00 0.000000E+00 0.251000E+04 0.251000E+04 0.938270E+00 -.416475E+01 -.286666E+01 0.111430E-02 0.000000E+00 
    14       1120      0 0.000000E+00 0.000000E+00 0.251000E+04 0.251000E+04 0.938270E+00 -.602936E+01 -.236310E+01 -.260479E-02 0.000000E+00 
    15       1220      0 0.000000E+00 0.000000E+00 0.251000E+04 0.251000E+04 0.939650E+00 -.884142E+01 -.155089E+01 -.132483E-02 0.000000E+00 
    16       1220      0 0.000000E+00 0.000000E+00 0.251000E+04 0.251000E+04 0.939650E+00 -.511420E+01 -.354305E+00 0.966194E-03 0.000000E+00 
    17       1220      0 0.000000E+00 0.000000E+00 0.251000E+04 0.251000E+04 0.939650E+00 -.803983E+01 -.837845E+01 0.179014E-02 0.000000E+00 
    18       1220      0 0.000000E+00 0.000000E+00 0.251000E+04 0.251000E+04 0.939650E+00 -.968959E+00 -.512627E+01 -.142120E-02 0.000000E+00 
    19       1220      0 0.000000E+00 0.000000E+00 0.251000E+04 0.251000E+04 0.939650E+00 -.730084E+01 -.926225E+01 -.932277E-03 0.000000E+00 
    20       1220      0 0.000000E+00 0.000000E+00 0.251000E+04 0.251000E+04 0.939650E+00 -.423058E+01 -.942325E+01 -.161903E-02 0.000000E+00 
    21       1220      0 0.000000E+00 0.000000E+00 0.251000E+04 0.251000E+04 0.939650E+00 -.672844E+01 -.408447E+00 -.130958E-02 0.000000E+00 
    22       1120      0 0.000000E+00 0.000000E+00 0.251000E+04 0.251000E+04 0.938270E+00 -.446453E+01 -.167807E+01 0.171990E-02 0.000000E+00 
    23       1220      0 0.000000E+00 0.000000E+00 0.251000E+04 0.251000E+04 0.939650E+00 -.108108E+02 -.630698E+01 0.133623E-03 0.000000E+00 
    24       1220      0 0.000000E+00 0.000000E+00 0.251000E+04 0.251000E+04 0.939650E+00 -.442662E+01 -.756498E+01 0.455417E-03 0.000000E+00 
    25       1220      0 0.000000E+00 0.000000E+00 0.251000E+04 0.251000E+04 0.939650E+00 -.559387E+01 -.293701E+01 -.142697E-02 0.000000E+00 
    26       1120      0 0.000000E+00 0.000000E+00 0.251000E+04 0.251000E+04 0.938270E+00 -.110880E+02 -.145929E+01 -.339093E-03 0.000000E+00 
    27       1220      0 0.000000E+00 0.000000E+00 0.251000E+04 0.251000E+04 0.939650E+00 -.729047E+01 -.955476E+01 -.268756E-04 0.000000E+00 
    28       1220      0 0.000000E+00 0.000000E+00 0.251000E+04 0.251000E+04 0.939650E+00 -.530840E+01 -.678930E+01 0.263494E-02 0.000000E+00 
    29       1120      0 0.000000E+00 0.000000E+00 0.251000E+04 0.251000E+04 0.938270E+00 -.854112E+01 -.990615E+00 -.414656E-03 0.000000E+00 
    30       1120      0 0.000000E+00 0.000000E+00 0.251000E+04 0.251000E+04 0.938270E+00 -.829282E+01 -.534547E+01 -.119832E-02 0.000000E+00 
    31       1220      0 0.000000E+00 0.000000E+00 0.251000E+04 0.251000E+04 0.939650E+00 -.360831E+01 -.819795E+01 0.115756E-02 0.000000E+00 
    32       1120      0 0.000000E+00 0.000000E+00 0.251000E+04 0.251000E+04 0.938270E+00 -.715569E+01 -.738553E+01 -.592582E-04 0.000000E+00 
    33       1220      0 0.000000E+00 0.000000E+00 0.251000E+04 0.251000E+04 0.939650E+00 -.943111E+01 -.548214E+01 0.147536E-02 0.000000E+00 
    34       1120      0 0.000000E+00 0.000000E+00 0.251000E+04 0.251000E+04 0.938270E+00 -.491160E+01 -.776207E+01 0.140649E-02 0.000000E+00 
    35       1120      0 0.000000E+00 0.000000E+00 0.251000E+04 0.251000E+04 0.938270E+00 -.667012E+01 -.707530E+01 -.173394E-02 0.000000E+00 
    36       1120      0 0.000000E+00 0.000000E+00 0.251000E+04 0.251000E+04 0.938270E+00 -.625412E+01 -.968588E+01 -.531856E-03 0.000000E+00 
    37       1220      0 0.000000E+00 0.000000E+00 0.251000E+04 0.251000E+04 0.939650E+00 -.424167E+01 -.306829E+01 -.299745E-03 0.000000E+00 
    38       1120      0 0.000000E+00 0.000000E+00 0.251000E+04 0.251000E+04 0.938270E+00 -.609533E+01 -.110312E+01 0.186653E-02 0.000000E+00 
    39       1220      0 0.000000E+00 0.000000E+00 0.251000E+04 0.251000E+04 0.939650E+00 -.132759E+02 -.346980E+01 -.137917E-02 0.000000E+00 
    40       1220      0 0.000000E+00 0.000000E+00 0.251000E+04 0.251000E+04 0.939650E+00 -.100619E+02 -.153388E+01 0.126089E-02 0.000000E+00 
    41       1120      0 0.000000E+00 0.000000E+00 0.251000E+04 0.251000E+04 0.938270E+00 -.241381E+01 -.279929E+01 0.201985E-02 0.000000E+00 
    42       1120      0 0.000000E+00 0.000000E+00 0.251000E+04 0.251000E+04 0.938270E+00 -.274129E+01 -.464700E+01 -.246036E-02 0.000000E+00 
    43       1120      0 0.000000E+00 0.000000E+00 0.251000E+04 0.251000E+04 0.938270E+00 -.606921E+01 -.732558E+01 -.194447E-02 0.000000E+00 
    44       1220      0 0.000000E+00 0.000000E+00 0.251000E+04 0.251000E+04 0.939650E+00 -.640011E+01 -.674959E+01 -.171760E-03 0.000000E+00 
    45       1220      0 0.000000E+00 0.000000E+00 0.251000E+04 0.251000E+04 0.939650E+00 -.988490E+01 -.353339E+01 0.112196E-02 0.000000E+00 
    46       1220      0 0.000000E+00 0.000000E+00 0.251000E+04 0.251000E+04 0.939650E+00 -.908358E+01 -.295715E+01 0.460144E-03 0.000000E+00 
    47       1120      0 0.000000E+00 0.000000E+00 0.251000E+04 0.251000E+04 0.938270E+00 -.206314E+01 -.137731E+01 -.132475E-02 0.000000E+00 
    48       1120      1 0.000000E+00 0.000000E+00 0.251000E+04 0.251000E+04 0.938270E+00 0.260042E+00 -.183186E+01 0.135485E-02 0.000000E+00 
    49       1120      1 0.000000E+00 0.000000E+00 0.251000E+04 0.251000E+04 0.938270E+00 -.324310E+00 -.247999E+01 0.572440E-03 0.000000E+00 
    50       1220      0 0.000000E+00 0.000000E+00 0.251000E+04 0.251000E+04 0.939650E+00 -.532884E+00 -.623508E+01 0.893378E-03 0.000000E+00 
    51       1220      0 0.000000E+00 0.000000E+00 0.251000E+04 0.251000E+04 0.939650E+00 -.596582E+01 -.327552E+01 -.101627E-03 0.000000E+00 
    52       1120      0 0.000000E+00 0.000000E+00 0.251000E+04 0.251000E+04 0.938270E+00 -.516552E+01 -.232552E+01 -.180175E-02 0.000000E+00 
    53       1220      0 0.000000E+00 0.000000E+00 0.251000E+04 0.251000E+04 0.939650E+00 -.492887E+01 0.326099E+00 0.139157E-02 0.000000E+00 
    54       1220      0 0.000000E+00 0.000000E+00 0.251000E+04 0.251000E+04 0.939650E+00 -.951575E+01 -.436443E+01 -.100186E-02 0.000000E+00 
    55       1120      0 0.000000E+00 0.000000E+00 0.251000E+04 0.251000E+04 0.938270E+00 -.915866E+01 -.168121E+00 -.412775E-03 0.000000E+00 
    56       1120      0 0.000000E+00 0.000000E+00 0.251000E+04 0.251000E+04 0.938270E+00 -.163371E+01 -.243382E+01 -.475888E-03 0.000000E+00 
    57       1120      0 0.000000E+00 0.000000E+00 0.251000E+04 0.251000E+04 0.938270E+00 -.773523E+01 -.464137E+01 0.246422E-02 0.000000E+00 
    58       1120      0 0.000000E+00 0.000000E+00 0.251000E+04 0.251000E+04 0.938270E+00 -.621267E+01 -.449794E+01 -.144547E-02 0.000000E+00 
    59       1220      0 0.000000E+00 0.000000E+00 0.251000E+04 0.251000E+04 0.939650E+00 -.906802E+01 0.674133E-01 0.557497E-03 0.000000E+00 
    60       1120      0 0.000000E+00 0.000000E+00 0.251000E+04 0.251000E+04 0.938270E+00 -.532965E+01 -.909428E+01 0.214849E-03 0.000000E+00 
    61       1220      0 0.000000E+00 0.000000E+00 0.251000E+04 0.251000E+04 0.939650E+00 -.739926E+01 -.337335E+01 -.947975E-03 0.000000E+00 
    62       1220      0 0.000000E+00 0.000000E+00 0.251000E+04 0.251000E+04 0.939650E+00 -.129586E+01 -.494352E+01 0.775981E-03 0.000000E+00 
    63       1220      0 0.000000E+00 0.000000E+00 0.251000E+04 0.251000E+04 0.939650E+00 -.780384E+01 0.158231E+01 -.925701E-03 0.000000E+00 
    64       1220      0 0.000000E+00 0.000000E+00 0.251000E+04 0.251000E+04 0.939650E+00 -.867824E+01 -.402059E+01 0.115586E-02 0.000000E+00 
    65       1220      0 0.000000E+00 0.000000E+00 0.251000E+04 0.251000E+04 0.939650E+00 -.467419E+01 -.723417E+01 0.994521E-03 0.000000E+00 
    66       1220      0 0.000000E+00 0.000000E+00 0.251000E+04 0.251000E+04 0.939650E+00 -.578818E+01 -.305550E+01 0.125391E-03 0.000000E+00 
    67       1120      0 0.000000E+00 0.000000E+00 0.251000E+04 0.251000E+04 0.938270E+00 -.273050E+01 -.441216E+01 0.118697E-02 0.000000E+00 
    68       1220      0 0.000000E+00 0.000000E+00 0.251000E+04 0.251000E+04 0.939650E+00 -.770404E+01 -.191489E+01 -.216526E-02 0.000000E+00 
    69       1120      0 0.000000E+00 0.000000E+00 0.251000E+04 0.251000E+04 0.938270E+00 -.801801E+01 -.150737E+01 -.973006E-03 0.000000E+00 
    70       1220      0 0.000000E+00 0.000000E+00 0.251000E+04 0.251000E+04 0.939650E+00 -.112572E+02 -.302107E+01 0.200230E-02 0.000000E+00 
    71       1220      0 0.000000E+00 0.000000E+00 0.251000E+04 0.251000E+04 0.939650E+00 -.587986E+01 -.517303E+01 0.125629E-02 0.000000E+00 
    72       1220      0 0.000000E+00 0.000000E+00 0.251000E+04 0.251000E+04 0.939650E+00 -.545643E+01 -.172536E+00 -.862021E-03 0.000000E+00 
    73       1220      0 0.000000E+00 0.000000E+00 0.251000E+04 0.251000E+04 0.939650E+00 -.123027E+02 -.647173E+01 0.202987E-02 0.000000E+00 
    74       1120      0 0.000000E+00 0.000000E+00 0.251000E+04 0.251000E+04 0.938270E+00 -.912427E+01 -.187038E+00 0.356884E-03 0.000000E+00 
    75       1120      0 0.000000E+00 0.000000E+00 0.251000E+04 0.251000E+04 0.938270E+00 -.368827E+01 0.619723E+00 0.156869E-02 0.000000E+00 
    76       1220      0 0.000000E+00 0.000000E+00 0.251000E+04 0.251000E+04 0.939650E+00 -.103823E+02 -.129508E+01 0.974641E-03 0.000000E+00 
    77       1220      0 0.000000E+00 0.000000E+00 0.251000E+04 0.251000E+04 0.939650E+00 -.336977E+01 -.656286E+01 -.160592E-02 0.000000E+00 
    78       1120      0 0.000000E+00 0.000000E+00 0.251000E+04 0.251000E+04 0.938270E+00 -.362372E+01 -.390100E+01 0.495951E-03 0.000000E+00 
    79       1220      0 0.000000E+00 0.000000E+00 0.251000E+04 0.251000E+04 0.939650E+00 -.804641E+01 -.565227E+01 0.102332E-02 0.000000E+00 
    80       1220      0 0.000000E+00 0.000000E+00 0.251000E+04 0.251000E+04 0.939650E+00 -.357735E+01 -.675176E+01 -.193216E-03 0.000000E+00 
    81       1220      0 0.000000E+00 0.000000E+00 0.251000E+04 0.251000E+04 0.939650E+00 -.771675E+01 -.899592E+01 -.367156E-03 0.000000E+00 
    82       1220      0 0.000000E+00 0.000000E+00 0.251000E+04 0.251000E+04 0.939650E+00 -.540360E+01 -.438840E+01 0.835006E-03 0.000000E+00 
    83       1220      0 0.000000E+00 0.000000E+00 0.251000E+04 0.251000E+04 0.939650E+00 -.102271E+02 -.115961E+01 -.148195E-03 0.000000E+00 
    84       1220      0 0.000000E+00 0.000000E+00 0.251000E+04 0.251000E+04 0.939650E+00 -.751033E+01 -.818281E+00 0.639042E-03 0.000000E+00 
    85       1220      0 0.000000E+00 0.000000E+00 0.251000E+04 0.251000E+04 0.939650E+00 -.672923E+01 -.788764E+01 -.160911E-02 0.000000E+00 
    86       1120      1 0.000000E+00 0.000000E+00 0.251000E+04 0.251000E+04 0.938270E+00 -.444508E+00 -.310481E+01 0.457977E-03 0.000000E+00 
    87       1120      0 0.000000E+00 0.000000E+00 0.251000E+04 0.251000E+04 0.938270E+00 -.191371E+01 -.487061E+01 -.953316E-03 0.000000E+00 
    88       1220      0 0.000000E+00 0.000000E+00 0.251000E+04 0.251000E+04 0.939650E+00 -.475601E+01 -.565545E+01 -.170166E-02 0.000000E+00 
    89       1220      0 0.000000E+00 0.000000E+00 0.251000E+04 0.251000E+04 0.939650E+00 -.334939E+01 -.796029E+01 0.752527E-03 0.000000E+00 
    90       1220      0 0.000000E+00 0.000000E+00 0.251000E+04 0.251000E+04 0.939650E+00 -.272421E+01 0.124479E+01 0.551833E-03 0.000000E+00 
    91       1120      0 0.000000E+00 0.000000E+00 0.251000E+04 0.251000E+04 0.938270E+00 -.210839E+01 -.227175E+01 -.151984E-02 0.000000E+00 
    92       1120      0 0.000000E+00 0.000000E+00 0.251000E+04 0.251000E+04 0.938270E+00 -.382379E+00 -.635736E+01 -.302214E-03 0.000000E+00 
    93       1220      0 0.000000E+00 0.000000E+00 0.251000E+04 0.251000E+04 0.939650E+00 -.483363E+01 -.281756E+01 0.233757E-02 0.000000E+00 
    94       1120      0 0.000000E+00 0.000000E+00 0.251000E+04 0.251000E+04 0.938270E+00 -.713016E+01 -.551758E+01 0.121698E-02 0.000000E+00 
    95       1220      0 0.000000E+00 0.000000E+00 0.251000E+04 0.251000E+04 0.939650E+00 -.670702E+01 -.700620E+01 0.165012E-02 0.000000E+00 
    96       1220      0 0.000000E+00 0.000000E+00 0.251000E+04 0.251000E+04 0.939650E+00 -.101606E+02 -.273826E+01 0.373309E-03 0.000000E+00 
    97       1220      0 0.000000E+00 0.000000E+00 0.251000E+04 0.251000E+04 0.939650E+00 -.135355E+02 -.808223E+00 -.473468E-03 0.000000E+00 
    98       1220      0 0.000000E+00 0.000000E+00 0.251000E+04 0.251000E+04 0.939650E+00 -.667917E+01 -.454146E+01 0.360773E-03 0.000000E+00 
    99       1220      0 0.000000E+00 0.000000E+00 0.251000E+04 0.251000E+04 0.939650E+00 -.949542E+01 0.218316E+01 0.400389E-04 0.000000E+00 
   100       1120      0 0.000000E+00 0.000000E+00 0.251000E+04 0.251000E+04 0.938270E+00 -.383563E+01 -.307810E+01 0.308454E-03 0.000000E+00 
   101       1120      0 0.000000E+00 0.000000E+00 0.251000E+04 0.251000E+04 0.938270E+00 -.759947E+01 -.257371E+01 -.155474E-02 0.000000E+00 
   102       1120      0 0.000000E+00 0.000000E+00 0.251000E+04 0.251000E+04 0.938270E+00 -.291419E+01 -.366597E-01 -.127179E-02 0.000000E+00 
   103       1220      0 0.000000E+00 0.000000E+00 0.251000E+04 0.251000E+04 0.939650E+00 -.396153E+01 -.304838E+01 -.260149E-03 0.000000E+00 
   104       1120      0 0.000000E+00 0.000000E+00 0.251000E+04 0.251000E+04 0.938270E+00 -.533720E+01 -.491202E+01 0.131296E-02 0.000000E+00 
   105       1220      0 0.000000E+00 0.000000E+00 0.251000E+04 0.251000E+04 0.939650E+00 -.247647E+01 -.346956E+01 -.174861E-02 0.000000E+00 
   106       1120      0 0.000000E+00 0.000000E+00 0.251000E+04 0.251000E+04 0.938270E+00 -.116684E+02 0.285713E+00 -.363612E-03 0.000000E+00 
   107       1220      0 0.000000E+00 0.000000E+00 0.251000E+04 0.251000E+04 0.939650E+00 -.327094E+01 0.108027E+01 -.118439E-02 0.000000E+00 
   108       1220      0 0.000000E+00 0.000000E+00 0.251000E+04 0.251000E+04 0.939650E+00 -.664521E+01 -.918204E+01 -.129213E-02 0.000000E+00 
   109       1120      0 0.000000E+00 0.000000E+00 0.251000E+04 0.251000E+04 0.938270E+00 -.742674E+01 -.601546E+01 -.185934E-02 0.000000E+00 
   110       1220      0 0.000000E+00 0.000000E+00 0.251000E+04 0.251000E+04 0.939650E+00 -.322008E+01 -.694210E+01 -.775630E-03 0.000000E+00 
   111       1220      0 0.000000E+00 0.000000E+00 0.251000E+04 0.251000E+04 0.939650E+00 -.111135E+02 -.558963E+01 0.918527E-04 0.000000E+00 
   112       1220      0 0.000000E+00 0.000000E+00 0.251000E+04 0.251000E+04 0.939650E+00 -.809378E+01 -.904392E+01 -.119841E-02 0.000000E+00 
   113       1220      0 0.000000E+00 0.000000E+00 0.251000E+04 0.251000E+04 0.939650E+00 -.822027E+01 0.250443E+00 -.285894E-03 0.000000E+00 
   114       1220      0 0.000000E+00 0.000000E+00 0.251000E+04 0.251000E+04 0.939650E+00 -.822369E+01 -.335490E+01 0.192565E-02 0.000000E+00 
   115       1220      0 0.000000E+00 0.000000E+00 0.251000E+04 0.251000E+04 0.939650E+00 -.147267E+01 -.451083E+01 -.656204E-03 0.000000E+00 
   116       1220      0 0.000000E+00 0.000000E+00 0.251000E+04 0.251000E+04 0.939650E+00 -.652083E+01 -.967570E+01 -.482443E-03 0.000000E+00 
   117       1120      0 0.000000E+00 0.000000E+00 0.251000E+04 0.251000E+04 0.938270E+00 -.783003E+01 -.439737E+01 0.202736E-03 0.000000E+00 
   118       1220      0 0.000000E+00 0.000000E+00 0.251000E+04 0.251000E+04 0.939650E+00 -.824605E+01 -.219974E+01 -.223048E-02 0.000000E+00 
   119       1220      0 0.000000E+00 0.000000E+00 0.251000E+04 0.251000E+04 0.939650E+00 -.461825E+01 0.145757E+01 -.483274E-03 0.000000E+00 
   120       1120      0 0.000000E+00 0.000000E+00 0.251000E+04 0.251000E+04 0.938270E+00 -.673252E+01 -.194202E+01 0.103719E-02 0.000000E+00 
   121       1220      0 0.000000E+00 0.000000E+00 0.251000E+04 0.251000E+04 0.939650E+00 -.470793E+01 -.900683E+01 -.225252E-03 0.000000E+00 
   122       1220      0 0.000000E+00 0.000000E+00 0.251000E+04 0.251000E+04 0.939650E+00 -.683820E+01 -.629697E+01 -.660085E-03 0.000000E+00 
   123       1220      0 0.000000E+00 0.000000E+00 0.251000E+04 0.251000E+04 0.939650E+00 -.397626E+01 -.156722E+01 0.106799E-02 0.000000E+00 
   124       1120      0 0.000000E+00 0.000000E+00 0.251000E+04 0.251000E+04 0.938270E+00 -.655126E+01 -.304621E+01 -.240932E-03 0.000000E+00 
   125       1120      0 0.000000E+00 0.000000E+00 0.251000E+04 0.251000E+04 0.938270E+00 -.860642E+01 -.206163E+01 -.583334E-03 0.000000E+00 
   126       1220      0 0.000000E+00 0.000000E+00 0.251000E+04 0.251000E+04 0.939650E+00 -.737351E+01 0.868851E+00 -.893395E-04 0.000000E+00 
   127       1220      0 0.000000E+00 0.000000E+00 0.251000E+04 0.251000E+04 0.939650E+00 -.927741E+01 -.320590E+00 -.462350E-03 0.000000E+00 
   128       1220      0 0.000000E+00 0.000000E+00 0.251000E+04 0.251000E+04 0.939650E+00 -.915339E+01 -.387382E+01 0.213623E-03 0.000000E+00 
   129       1220      0 0.000000E+00 0.000000E+00 0.251000E+04 0.251000E+04 0.939650E+00 -.112345E+01 -.798713E+00 -.143802E-02 0.000000E+00 
   130       1220      0 0.000000E+00 0.000000E+00 0.251000E+04 0.251000E+04 0.939650E+00 -.202056E+01 -.400621E+01 -.193920E-02 0.000000E+00 
   131       1120      0 0.000000E+00 0.000000E+00 0.251000E+04 0.251000E+04 0.938270E+00 -.228888E+01 -.468102E+01 0.481657E-03 0.000000E+00 
   132       1220      0 0.000000E+00 0.000000E+00 0.251000E+04 0.251000E+04 0.939650E+00 -.388027E+01 -.227194E+01 -.278846E-02 0.000000E+00 
   133       1220      0 0.000000E+00 0.000000E+00 0.251000E+04 0.251000E+04 0.939650E+00 -.624521E+01 0.161857E+01 -.833352E-04 0.000000E+00 
   134       1220      0 0.000000E+00 0.000000E+00 0.251000E+04 0.251000E+04 0.939650E+00 -.120574E+01 -.567940E+01 -.289413E-03 0.000000E+00 
   135       1220      0 0.000000E+00 0.000000E+00 0.251000E+04 0.251000E+04 0.939650E+00 -.485380E+01 -.732963E+01 -.748691E-03 0.000000E+00 
   136       1220      0 0.000000E+00 0.000000E+00 0.251000E+04 0.251000E+04 0.939650E+00 -.138879E+02 -.722243E+01 -.110078E-02 0.000000E+00 
   137       1120      0 0.000000E+00 0.000000E+00 0.251000E+04 0.251000E+04 0.938270E+00 -.521825E+01 -.311563E-01 -.196719E-02 0.000000E+00 
   138       1220      0 0.000000E+00 0.000000E+00 0.251000E+04 0.251000E+04 0.939650E+00 -.586350E+01 -.403478E+01 0.197122E-02 0.000000E+00 
   139       1220      0 0.000000E+00 0.000000E+00 0.251000E+04 0.251000E+04 0.939650E+00 -.635709E+01 -.193641E+01 0.105818E-02 0.000000E+00 
   140       1220      0 0.000000E+00 0.000000E+00 0.251000E+04 0.251000E+04 0.939650E+00 -.626742E+01 -.712312E+01 0.109485E-02 0.000000E+00 
   141       1120      0 0.000000E+00 0.000000E+00 0.251000E+04 0.251000E+04 0.938270E+00 -.119286E+01 -.169824E+01 -.137686E-02 0.000000E+00 
   142       1120      0 0.000000E+00 0.000000E+00 0.251000E+04 0.251000E+04 0.938270E+00 -.353226E+01 -.815812E+01 0.114028E-02 0.000000E+00 
   143       1120      0 0.000000E+00 0.000000E+00 0.251000E+04 0.251000E+04 0.938270E+00 -.363718E+01 0.562711E+00 -.162837E-02 0.000000E+00 
   144       1220      0 0.000000E+00 0.000000E+00 0.251000E+04 0.251000E+04 0.939650E+00 -.261129E+01 -.487271E+01 -.101357E-02 0.000000E+00 
   145       1120      0 0.000000E+00 0.000000E+00 0.251000E+04 0.251000E+04 0.938270E+00 -.845182E+01 0.682141E+00 0.186134E-02 0.000000E+00 
   146       1120      0 0.000000E+00 0.000000E+00 0.251000E+04 0.251000E+04 0.938270E+00 -.524924E+01 -.732595E+00 -.729754E-03 0.000000E+00 
   147       1220      0 0.000000E+00 0.000000E+00 0.251000E+04 0.251000E+04 0.939650E+00 -.615242E+01 0.328055E+00 0.794887E-03 0.000000E+00 
   148       1220      0 0.000000E+00 0.000000E+00 0.251000E+04 0.251000E+04 0.939650E+00 -.690566E+01 -.967851E+01 -.125376E-02 0.000000E+00 
   149       1120      0 0.000000E+00 0.000000E+00 0.251000E+04 0.251000E+04 0.938270E+00 -.816331E+01 -.745964E+00 0.644419E-03 0.000000E+00 
   150       1220      0 0.000000E+00 0.000000E+00 0.251000E+04 0.251000E+04 0.939650E+00 -.355319E+01 -.545182E+01 0.126344E-02 0.000000E+00 
   151       1220      0 0.000000E+00 0.000000E+00 0.251000E+04 0.251000E+04 0.939650E+00 -.728643E+01 -.609828E+01 -.767180E-03 0.000000E+00 
   152       1220      0 0.000000E+00 0.000000E+00 0.251000E+04 0.251000E+04 0.939650E+00 -.124101E+01 -.550349E+00 0.180245E-02 0.000000E+00 
   153       1220      0 0.000000E+00 0.000000E+00 0.251000E+04 0.251000E+04 0.939650E+00 -.949214E+01 -.513753E+01 0.470660E-03 0.000000E+00 
   154       1120      0 0.000000E+00 0.000000E+00 0.251000E+04 0.251000E+04 0.938270E+00 -.546384E+01 -.464260E+01 0.138726E-02 0.000000E+00 
   155       1120      0 0.000000E+00 0.000000E+00 0.251000E+04 0.251000E+04 0.938270E+00 -.738854E+01 0.926402E+00 0.899917E-04 0.000000E+00 
   156       1120      0 0.000000E+00 0.000000E+00 0.251000E+04 0.251000E+04 0.938270E+00 -.404206E+01 -.806271E+01 0.112776E-02 0.000000E+00 
   157       1220      0 0.000000E+00 0.000000E+00 0.251000E+04 0.251000E+04 0.939650E+00 -.440412E+01 -.142424E+01 -.262067E-03 0.000000E+00 
   158       1220      0 0.000000E+00 0.000000E+00 0.251000E+04 0.251000E+04 0.939650E+00 -.903656E+01 -.190538E+01 0.898797E-03 0.000000E+00 
   159       1120      0 0.000000E+00 0.000000E+00 0.251000E+04 0.251000E+04 0.938270E+00 -.697592E+01 -.768659E+01 0.114396E-02 0.000000E+00 
   160       1220      0 0.000000E+00 0.000000E+00 0.251000E+04 0.251000E+04 0.939650E+00 -.369609E+01 -.686014E+01 0.130887E-02 0.000000E+00 
   161       1220      0 0.000000E+00 0.000000E+00 0.251000E+04 0.251000E+04 0.939650E+00 -.317122E+01 -.421816E+01 0.282397E-02 0.000000E+00 
   162       1120      0 0.000000E+00 0.000000E+00 0.251000E+04 0.251000E+04 0.938270E+00 -.138835E+02 -.793674E+01 0.180578E-02 0.000000E+00 
   163       1120      0 0.000000E+00 0.000000E+00 0.251000E+04 0.251000E+04 0.938270E+00 -.524667E+01 -.447869E+01 -.102567E-02 0.000000E+00 
   164       1220      0 0.000000E+00 0.000000E+00 0.251000E+04 0.251000E+04 0.939650E+00 -.279819E+01 -.183817E+01 -.236261E-02 0.000000E+00 
   165       1120      0 0.000000E+00 0.000000E+00 0.251000E+04 0.251000E+04 0.938270E+00 -.790755E+01 -.113202E+01 0.674658E-03 0.000000E+00 
   166       1120      0 0.000000E+00 0.000000E+00 0.251000E+04 0.251000E+04 0.938270E+00 -.103747E+02 -.198747E+01 -.709928E-03 0.000000E+00 
   167       1120      0 0.000000E+00 0.000000E+00 0.251000E+04 0.251000E+04 0.938270E+00 -.368972E+01 -.108950E+01 -.114795E-02 0.000000E+00 
   168       1220      0 0.000000E+00 0.000000E+00 0.251000E+04 0.251000E+04 0.939650E+00 -.583386E+01 -.247320E+01 0.137077E-02 0.000000E+00 
   169       1220      0 0.000000E+00 0.000000E+00 0.251000E+04 0.251000E+04 0.939650E+00 -.799608E+01 -.805248E+01 -.974044E-03 0.000000E+00 
   170       1120      0 0.000000E+00 0.000000E+00 0.251000E+04 0.251000E+04 0.938270E+00 -.971475E+01 -.193891E+01 -.130880E-02 0.000000E+00 
   171       1220      0 0.000000E+00 0.000000E+00 0.251000E+04 0.251000E+04 0.939650E+00 -.103966E+02 -.105620E+01 -.482153E-03 0.000000E+00 
   172       1120      0 0.000000E+00 0.000000E+00 0.251000E+04 0.251000E+04 0.938270E+00 -.610856E+01 -.537211E+01 -.183577E-02 0.000000E+00 
   173       1120      0 0.000000E+00 0.000000E+00 0.251000E+04 0.251000E+04 0.938270E+00 -.915294E+01 -.218262E+01 0.779829E-03 0.000000E+00 
   174       1220      0 0.000000E+00 0.000000E+00 0.251000E+04 0.251000E+04 0.939650E+00 -.270508E+01 0.998733E+00 0.112459E-02 0.000000E+00 
   175       1220      0 0.000000E+00 0.000000E+00 0.251000E+04 0.251000E+04 0.939650E+00 -.249056E+01 -.106885E+02 0.425752E-03 0.000000E+00 
   176       1220      0 0.000000E+00 0.000000E+00 0.251000E+04 0.251000E+04 0.939650E+00 -.289165E+01 0.432902E+00 0.122980E-02 0.000000E+00 
   177       1220      0 0.000000E+00 0.000000E+00 0.251000E+04 0.251000E+04 0.939650E+00 -.686165E+01 0.641198E+00 -.174773E-02 0.000000E+00 
   178       1120      0 0.000000E+00 0.000000E+00 0.251000E+04 0.251000E+04 0.938270E+00 -.819817E+01 0.945969E+00 -.118879E-02 0.000000E+00 
   179       1120      0 0.000000E+00 0.000000E+00 0.251000E+04 0.251000E+04 0.938270E+00 -.453354E+01 -.251909E+01 0.189188E-02 0.000000E+00 
   180       1120      0 0.000000E+00 0.000000E+00 0.251000E+04 0.251000E+04 0.938270E+00 -.322308E+01 -.457036E+01 -.110551E-02 0.000000E+00 
   181       1220      0 0.000000E+00 0.000000E+00 0.251000E+04 0.251000E+04 0.939650E+00 -.772154E+01 -.201315E+01 -.386525E-03 0.000000E+00 
   182       1120      0 0.000000E+00 0.000000E+00 0.251000E+04 0.251000E+04 0.938270E+00 -.310807E+01 -.521280E+01 0.910572E-03 0.000000E+00 
   183       1220      0 0.000000E+00 0.000000E+00 0.251000E+04 0.251000E+04 0.939650E+00 -.582815E+01 -.662991E+01 -.117757E-02 0.000000E+00 
   184       1120      0 0.000000E+00 0.000000E+00 0.251000E+04 0.251000E+04 0.938270E+00 -.126931E+02 -.307865E+00 -.133707E-02 0.000000E+00 
   185       1120      0 0.000000E+00 0.000000E+00 0.251000E+04 0.251000E+04 0.938270E+00 -.200298E+00 -.571520E+01 -.115868E-02 0.000000E+00 
   186       1220      0 0.000000E+00 0.000000E+00 0.251000E+04 0.251000E+04 0.939650E+00 -.530308E+01 -.555662E+01 -.153337E-02 0.000000E+00 
   187       1220      0 0.000000E+00 0.000000E+00 0.251000E+04 0.251000E+04 0.939650E+00 -.955258E+01 -.870765E+01 -.253424E-03 0.000000E+00 
   188       1220      0 0.000000E+00 0.000000E+00 0.251000E+04 0.251000E+04 0.939650E+00 -.216389E+01 -.306129E+01 -.984055E-04 0.000000E+00 
   189       1120      0 0.000000E+00 0.000000E+00 0.251000E+04 0.251000E+04 0.938270E+00 -.281644E+01 -.279345E+01 0.537205E-03 0.000000E+00 
   190       1220      0 0.000000E+00 0.000000E+00 0.251000E+04 0.251000E+04 0.939650E+00 -.940265E+01 0.723011E+00 0.357560E-03 0.000000E+00 
   191       1220      0 0.000000E+00 0.000000E+00 0.251000E+04 0.251000E+04 0.939650E+00 -.537630E+01 -.390222E+01 -.231085E-02 0.000000E+00 
   192       1220      0 0.000000E+00 0.000000E+00 0.251000E+04 0.251000E+04 0.939650E+00 -.541977E+00 -.379637E+01 0.464110E-03 0.000000E+00 
   193       1220      1 0.000000E+00 0.000000E+00 0.251000E+04 0.251000E+04 0.939650E+00 -.106256E+01 -.796773E+00 -.852883E-03 0.000000E+00 
   194       1120      0 0.000000E+00 0.000000E+00 0.251000E+04 0.251000E+04 0.938270E+00 -.735198E+01 -.846111E+01 0.130752E-02 0.000000E+00 
   195       1220      0 0.000000E+00 0.000000E+00 0.251000E+04 0.251000E+04 0.939650E+00 -.112888E+02 -.517560E+01 0.126317E-02 0.000000E+00 
   196       1220      0 0.000000E+00 0.000000E+00 0.251000E+04 0.251000E+04 0.939650E+00 -.327534E+01 0.110958E+01 -.113591E-02 0.000000E+00 
   197       1120      0 0.000000E+00 0.000000E+00 0.251000E+04 0.251000E+04 0.938270E+00 -.143216E+02 -.412725E+01 -.138689E-02 0.000000E+00 
   198       1120      0 0.000000E+00 0.000000E+00 0.251000E+04 0.251000E+04 0.938270E+00 -.337114E+01 -.676200E+01 0.664604E-03 0.000000E+00 
   199       1220      0 0.000000E+00 0.000000E+00 0.251000E+04 0.251000E+04 0.939650E+00 -.447466E+01 0.233324E+01 -.484346E-03 0.000000E+00 
   200       1220      0 0.000000E+00 0.000000E+00 0.251000E+04 0.251000E+04 0.939650E+00 -.582631E+01 0.119955E+01 -.617154E-03 0.000000E+00 
   201       1220      0 0.000000E+00 0.000000E+00 0.251000E+04 0.251000E+04 0.939650E+00 -.690922E+01 -.796115E+01 0.400107E-03 0.000000E+00 
   202       1120      0 0.000000E+00 0.000000E+00 0.251000E+04 0.251000E+04 0.938270E+00 -.563152E+01 -.406651E+01 0.237117E-02 0.000000E+00 
   203       1220      0 0.000000E+00 0.000000E+00 0.251000E+04 0.251000E+04 0.939650E+00 -.662865E+01 -.101271E+02 -.258439E-04 0.000000E+00 
   204       1220      0 0.000000E+00 0.000000E+00 0.251000E+04 0.251000E+04 0.939650E+00 -.142191E+02 0.234084E+00 -.799587E-03 0.000000E+00 
   205       1120      0 0.000000E+00 0.000000E+00 0.251000E+04 0.251000E+04 0.938270E+00 -.364324E+01 -.427635E+01 -.366009E-03 0.000000E+00 
   206       1120      0 0.000000E+00 0.000000E+00 0.251000E+04 0.251000E+04 0.938270E+00 -.300566E+01 -.237401E+01 -.202207E-02 0.000000E+00 
   207       1120      0 0.000000E+00 0.000000E+00 0.251000E+04 0.251000E+04 0.938270E+00 -.114009E+02 -.487623E+01 -.201070E-02 0.000000E+00 
   208       1120      0 0.000000E+00 0.000000E+00 0.251000E+04 0.251000E+04 0.938270E+00 -.105759E+02 -.864690E+01 0.178037E-02 0.000000E+00 
   209       1220      0 0.000000E+00 0.000000E+00 -.251000E+04 0.251000E+04 0.939650E+00 0.993027E+01 0.640778E+01 0.142773E-02 0.000000E+00 
   210       1220      0 0.000000E+00 0.000000E+00 -.251000E+04 0.251000E+04 0.939650E+00 0.192429E+01 0.889034E+01 0.213326E-04 0.000000E+00 
   211       1220      0 0.000000E+00 0.000000E+00 -.251000E+04 0.251000E+04 0.939650E+00 0.104422E+02 0.930314E+01 -.915882E-03 0.000000E+00 
   212       1220      0 0.000000E+00 0.000000E+00 -.251000E+04 0.251000E+04 0.939650E+00 0.204431E+01 0.272680E+01 0.166385E-02 0.000000E+00 
   213       1220      0 0.000000E+00 0.000000E+00 -.251000E+04 0.251000E+04 0.939650E+00 0.393362E+01 0.720826E+01 -.296552E-03 0.000000E+00 
   214       1120      0 0.000000E+00 0.000000E+00 -.251000E+04 0.251000E+04 0.938270E+00 0.754629E+01 0.379712E+01 -.113634E-02 0.000000E+00 
   215       1220      0 0.000000E+00 0.000000E+00 -.251000E+04 0.251000E+04 0.939650E+00 0.631928E+01 0.848743E+01 0.114921E-02 0.000000E+00 
   216       1120      0 0.000000E+00 0.000000E+00 -.251000E+04 0.251000E+04 0.938270E+00 0.112031E+02 0.252650E+01 -.107110E-02 0.000000E+00 
   217       1120      0 0.000000E+00 0.000000E+00 -.251000E+04 0.251000E+04 0.938270E+00 0.157322E+01 0.144737E+01 -.539926E-03 0.000000E+00 
   218       1120      0 0.000000E+00 0.000000E+00 -.251000E+04 0.251000E+04 0.938270E+00 0.392274E+01 0.189166E+01 -.629792E-04 0.000000E+00 
   219       1220      0 0.000000E+00 0.000000E+00 -.251000E+04 0.251000E+04 0.939650E+00 0.241908E+01 0.505969E+01 0.185410E-02 0.000000E+00 
   220       1220      0 0.000000E+00 0.000000E+00 -.251000E+04 0.251000E+04 0.939650E+00 0.832719E+01 -.221233E+01 0.163135E-02 0.000000E+00 
   221       1220      0 0.000000E+00 0.000000E+00 -.251000E+04 0.251000E+04 0.939650E+00 0.614033E+01 0.727434E+01 -.264086E-02 0.000000E+00 
   222       1120      0 0.000000E+00 0.000000E+00 -.251000E+04 0.251000E+04 0.938270E+00 0.147866E+01 0.122928E+01 0.207783E-03 0.000000E+00 
   223       1220      0 0.000000E+00 0.000000E+00 -.251000E+04 0.251000E+04 0.939650E+00 0.694001E+01 0.388408E+00 -.154546E-03 0.000000E+00 
   224       1220      0 0.000000E+00 0.000000E+00 -.251000E+04 0.251000E+04 0.939650E+00 0.181326E+01 0.194910E+01 -.568528E-03 0.000000E+00 
   225       1220      0 0.000000E+00 0.000000E+00 -.251000E+04 0.251000E+04 0.939650E+00 0.793917E+01 -.318739E+00 -.974962E-03 0.000000E+00 
   226       1120      0 0.000000E+00 0.000000E+00 -.251000E+04 0.251000E+04 0.938270E+00 0.959303E+01 0.908551E+01 -.580284E-03 0.000000E+00 
   227       1120      0 0.000000E+00 0.000000E+00 -.251000E+04 0.251000E+04 0.938270E+00 0.984656E+01 0.140559E+01 0.214596E-02 0.000000E+00 
   228       1220      0 0.000000E+00 0.000000E+00 -.251000E+04 0.251000E+04 0.939650E+00 0.584034E+01 0.468079E+01 0.206529E-02 0.000000E+00 
   229       1220      0 0.000000E+00 0.000000E+00 -.251000E+04 0.251000E+04 0.939650E+00 0.317274E+01 -.129835E+01 0.164374E-02 0.000000E+00 
   230       1220      0 0.000000E+00 0.000000E+00 -.251000E+04 0.251000E+04 0.939650E+00 0.566058E+01 0.151556E+01 0.206435E-02 0.000000E+00 
   231       1120      0 0.000000E+00 0.000000E+00 -.251000E+04 0.251000E+04 0.938270E+00 0.650482E+01 0.971959E+01 -.563648E-03 0.000000E+00 
   232       1220      0 0.000000E+00 0.000000E+00 -.251000E+04 0.251000E+04 0.939650E+00 0.475150E+01 0.912720E+01 -.443479E-03 0.000000E+00 
   233       1220      0 0.000000E+00 0.000000E+00 -.251000E+04 0.251000E+04 0.939650E+00 0.904920E+01 0.410175E+01 -.600036E-03 0.000000E+00 
   234       1220      0 0.000000E+00 0.000000E+00 -.251000E+04 0.251000E+04 0.939650E+00 0.383160E+01 0.972050E+01 0.265508E-03 0.000000E+00 
   235       1220      0 0.000000E+00 0.000000E+00 -.251000E+04 0.251000E+04 0.939650E+00 0.783842E+01 0.338015E+01 -.115094E-02 0.000000E+00 
   236       1220      0 0.000000E+00 0.000000E+00 -.251000E+04 0.251000E+04 0.939650E+00 0.817611E+01 0.652816E-01 0.151967E-02 0.000000E+00 
   237       1220      0 0.000000E+00 0.000000E+00 -.251000E+04 0.251000E+04 0.939650E+00 0.529962E+01 0.293805E+01 0.773504E-03 0.000000E+00 
   238       1220      0 0.000000E+00 0.000000E+00 -.251000E+04 0.251000E+04 0.939650E+00 0.849063E+01 0.645252E+01 0.505691E-03 0.000000E+00 
   239       1120      0 0.000000E+00 0.000000E+00 -.251000E+04 0.251000E+04 0.938270E+00 0.952539E+01 0.719682E+01 -.570480E-04 0.000000E+00 
   240       1220      0 0.000000E+00 0.000000E+00 -.251000E+04 0.251000E+04 0.939650E+00 0.400436E+01 0.316315E+01 -.830971E-03 0.000000E+00 
   241       1220      0 0.000000E+00 0.000000E+00 -.251000E+04 0.251000E+04 0.939650E+00 0.262034E+01 0.721412E+01 -.158263E-03 0.000000E+00 
   242       1120      0 0.000000E+00 0.000000E+00 -.251000E+04 0.251000E+04 0.938270E+00 0.463953E+01 0.265189E+01 0.115292E-02 0.000000E+00 
   243       1220      0 0.000000E+00 0.000000E+00 -.251000E+04 0.251000E+04 0.939650E+00 0.468193E+01 0.155742E+01 -.581576E-03 0.000000E+00 
   244       1220      0 0.000000E+00 0.000000E+00 -.251000E+04 0.251000E+04 0.939650E+00 0.548816E+00 0.580405E+01 0.621961E-03 0.000000E+00 
   245       1220      0 0.000000E+00 0.000000E+00 -.251000E+04 0.251000E+04 0.939650E+00 0.376563E+01 0.699126E+01 0.158102E-02 0.000000E+00 
   246       1220      0 0.000000E+00 0.000000E+00 -.251000E+04 0.251000E+04 0.939650E+00 0.329257E+01 0.136515E+01 -.666495E-04 0.000000E+00 
   247       1220      0 0.000000E+00 0.000000E+00 -.251000E+04 0.251000E+04 0.939650E+00 0.609689E+01 0.975398E+01 0.186042E-03 0.000000E+00 
   248       1120      0 0.000000E+00 0.000000E+00 -.251000E+04 0.251000E+04 0.938270E+00 0.102711E+02 0.489524E+01 -.154019E-04 0.000000E+00 
   249       1120      0 0.000000E+00 0.000000E+00 -.251000E+04 0.251000E+04 0.938270E+00 0.631223E+01 -.348620E+01 0.503968E-03 0.000000E+00 
   250       1220      0 0.000000E+00 0.000000E+00 -.251000E+04 0.251000E+04 0.939650E+00 0.104322E+02 0.448208E+01 -.594502E-03 0.000000E+00 
   251       1220      0 0.000000E+00 0.000000E+00 -.251000E+04 0.251000E+04 0.939650E+00 0.126095E+02 0.328970E+01 -.541216E-03 0.000000E+00 
   252       1120      0 0.000000E+00 0.000000E+00 -.251000E+04 0.251000E+04 0.938270E+00 0.134066E+01 0.513413E+01 0.482708E-03 0.000000E+00 
   253       1120      0 0.000000E+00 0.000000E+00 -.251000E+04 0.251000E+04 0.938270E+00 0.896857E+01 0.301970E+01 0.118661E-02 0.000000E+00 
   254       1120      0 0.000000E+00 0.000000E+00 -.251000E+04 0.251000E+04 0.938270E+00 0.111069E+02 0.458838E+01 0.474695E-03 0.000000E+00 
   255       1220      0 0.000000E+00 0.000000E+00 -.251000E+04 0.251000E+04 0.939650E+00 0.318988E+01 0.649952E+01 0.116359E-02 0.000000E+00 
   256       1220      0 0.000000E+00 0.000000E+00 -.251000E+04 0.251000E+04 0.939650E+00 0.416132E+01 0.847164E+01 0.184766E-02 0.000000E+00 
   257       1220      0 0.000000E+00 0.000000E+00 -.251000E+04 0.251000E+04 0.939650E+00 0.837751E+01 -.236501E+01 -.267019E-03 0.000000E+00 
   258       1220      0 0.000000E+00 0.000000E+00 -.251000E+04 0.251000E+04 0.939650E+00 0.700837E+01 0.227497E+01 -.168392E-02 0.000000E+00 
   259       1120      0 0.000000E+00 0.000000E+00 -.251000E+04 0.251000E+04 0.938270E+00 0.986414E+01 0.814395E+01 -.135037E-03 0.000000E+00 
   260       1220      0 0.000000E+00 0.000000E+00 -.251000E+04 0.251000E+04 0.939650E+00 0.798860E+01 0.578426E+01 -.106169E-02 0.000000E+00 
   261       1120      0 0.000000E+00 0.000000E+00 -.251000E+04 0.251000E+04 0.938270E+00 0.672986E+01 0.246882E+01 -.814324E-03 0.000000E+00 
   262       1120      1 0.000000E+00 0.000000E+00 -.251000E+04 0.251000E+04 0.938270E+00 0.836136E+00 0.951876E+00 0.512393E-03 0.000000E+00 
   263       1120      0 0.000000E+00 0.000000E+00 -.251000E+04 0.251000E+04 0.938270E+00 0.104226E+02 -.508144E-01 0.170747E-03 0.000000E+00 
   264       1220      0 0.000000E+00 0.000000E+00 -.251000E+04 0.251000E+04 0.939650E+00 0.104811E+02 0.262689E+01 -.152209E-02 0.000000E+00 
   265       1120      0 0.000000E+00 0.000000E+00 -.251000E+04 0.251000E+04 0.938270E+00 0.452802E+01 0.608395E+01 -.140233E-02 0.000000E+00 
   266       1220      0 0.000000E+00 0.000000E+00 -.251000E+04 0.251000E+04 0.939650E+00 0.809250E+00 0.385804E+01 0.699876E-03 0.000000E+00 
   267       1120      0 0.000000E+00 0.000000E+00 -.251000E+04 0.251000E+04 0.938270E+00 0.234633E+01 0.399029E+01 -.126345E-02 0.000000E+00 
   268       1120      0 0.000000E+00 0.000000E+00 -.251000E+04 0.251000E+04 0.938270E+00 0.136831E+01 0.637334E+01 -.949659E-03 0.000000E+00 
   269       1220      0 0.000000E+00 0.000000E+00 -.251000E+04 0.251000E+04 0.939650E+00 0.759741E+01 0.321444E+01 -.206200E-02 0.000000E+00 
   270       1220      0 0.000000E+00 0.000000E+00 -.251000E+04 0.251000E+04 0.939650E+00 0.994731E+01 0.139658E+01 -.597982E-03 0.000000E+00 
   271       1220      0 0.000000E+00 0.000000E+00 -.251000E+04 0.251000E+04 0.939650E+00 0.369007E+01 0.561267E+01 -.831908E-03 0.000000E+00 
   272       1220      0 0.000000E+00 0.000000E+00 -.251000E+04 0.251000E+04 0.939650E+00 0.928961E+01 0.514086E+01 0.146229E-02 0.000000E+00 
   273       1220      0 0.000000E+00 0.000000E+00 -.251000E+04 0.251000E+04 0.939650E+00 0.533271E+01 0.702055E+01 -.936907E-03 0.000000E+00 
   274       1220      0 0.000000E+00 0.000000E+00 -.251000E+04 0.251000E+04 0.939650E+00 0.516953E+01 0.163576E+01 0.142034E-02 0.000000E+00 
   275       1220      0 0.000000E+00 0.000000E+00 -.251000E+04 0.251000E+04 0.939650E+00 0.527200E+01 0.172144E+01 -.239899E-02 0.000000E+00 
   276       1220      0 0.000000E+00 0.000000E+00 -.251000E+04 0.251000E+04 0.939650E+00 0.658292E+01 -.236477E+01 -.124519E-02 0.000000E+00 
   277       1120      0 0.000000E+00 0.000000E+00 -.251000E+04 0.251000E+04 0.938270E+00 0.878951E+01 0.778147E+01 0.900876E-05 0.000000E+00 
   278       1220      0 0.000000E+00 0.000000E+00 -.251000E+04 0.251000E+04 0.939650E+00 0.475406E+01 -.382906E+00 0.860212E-04 0.000000E+00 
   279       1220      0 0.000000E+00 0.000000E+00 -.251000E+04 0.251000E+04 0.939650E+00 0.399774E+01 0.646421E+01 0.256760E-03 0.000000E+00 
   280       1220      0 0.000000E+00 0.000000E+00 -.251000E+04 0.251000E+04 0.939650E+00 0.415063E+01 0.580528E+01 -.179041E-02 0.000000E+00 
   281       1120      0 0.000000E+00 0.000000E+00 -.251000E+04 0.251000E+04 0.938270E+00 0.109227E+02 0.323511E+01 0.810227E-03 0.000000E+00 
   282       1220      0 0.000000E+00 0.000000E+00 -.251000E+04 0.251000E+04 0.939650E+00 0.925803E+01 0.205462E+01 -.141951E-02 0.000000E+00 
   283       1220      0 0.000000E+00 0.000000E+00 -.251000E+04 0.251000E+04 0.939650E+00 0.370494E+01 0.640002E+01 0.538268E-03 0.000000E+00 
   284       1120      0 0.000000E+00 0.000000E+00 -.251000E+04 0.251000E+04 0.938270E+00 0.995060E+01 0.424927E+01 0.140312E-02 0.000000E+00 
   285       1120      0 0.000000E+00 0.000000E+00 -.251000E+04 0.251000E+04 0.938270E+00 0.679175E+01 0.706297E+01 0.182367E-02 0.000000E+00 
   286       1220      0 0.000000E+00 0.000000E+00 -.251000E+04 0.251000E+04 0.939650E+00 0.753898E+01 0.152725E+01 0.597200E-03 0.000000E+00 
   287       1220      0 0.000000E+00 0.000000E+00 -.251000E+04 0.251000E+04 0.939650E+00 0.935478E+01 -.155620E+01 0.129079E-02 0.000000E+00 
   288       1220      0 0.000000E+00 0.000000E+00 -.251000E+04 0.251000E+04 0.939650E+00 0.700068E+01 -.136067E+01 0.142456E-02 0.000000E+00 
   289       1220      0 0.000000E+00 0.000000E+00 -.251000E+04 0.251000E+04 0.939650E+00 0.804728E+01 0.525681E+01 0.203148E-02 0.000000E+00 
   290       1120      0 0.000000E+00 0.000000E+00 -.251000E+04 0.251000E+04 0.938270E+00 0.113456E+02 0.482112E+01 -.765101E-03 0.000000E+00 
   291       1120      0 0.000000E+00 0.000000E+00 -.251000E+04 0.251000E+04 0.938270E+00 0.255609E+01 0.792823E-01 0.106747E-02 0.000000E+00 
   292       1220      1 0.000000E+00 0.000000E+00 -.251000E+04 0.251000E+04 0.939650E+00 0.168285E+01 -.148266E+01 -.304938E-03 0.000000E+00 
   293       1220      0 0.000000E+00 0.000000E+00 -.251000E+04 0.251000E+04 0.939650E+00 0.378562E+01 0.329196E+01 0.195490E-02 0.000000E+00 
   294       1120      1 0.000000E+00 0.000000E+00 -.251000E+04 0.251000E+04 0.938270E+00 0.208494E+01 -.337587E+00 -.980178E-04 0.000000E+00 
   295       1220      0 0.000000E+00 0.000000E+00 -.251000E+04 0.251000E+04 0.939650E+00 0.919469E+01 0.338443E+01 0.459337E-03 0.000000E+00 
   296       1220      0 0.000000E+00 0.000000E+00 -.251000E+04 0.251000E+04 0.939650E+00 0.450316E+01 -.519921E+00 -.423093E-03 0.000000E+00 
   297       1220      0 0.000000E+00 0.000000E+00 -.251000E+04 0.251000E+04 0.939650E+00 0.965682E+01 0.792435E+01 -.791447E-03 0.000000E+00 
   298       1220      0 0.000000E+00 0.000000E+00 -.251000E+04 0.251000E+04 0.939650E+00 0.958123E+01 -.109567E+01 0.115188E-02 0.000000E+00 
   299       1220      0 0.000000E+00 0.000000E+00 -.251000E+04 0.251000E+04 0.939650E+00 0.646060E+01 0.158737E+01 0.123608E-02 0.000000E+00 
   300       1220      0 0.000000E+00 0.000000E+00 -.251000E+04 0.251000E+04 0.939650E+00 0.689896E+01 0.406101E+01 -.580756E-04 0.000000E+00 
   301       1120      0 0.000000E+00 0.000000E+00 -.251000E+04 0.251000E+04 0.938270E+00 0.747864E+01 0.981449E+01 -.762606E-03 0.000000E+00 
   302       1120      0 0.000000E+00 0.000000E+00 -.251000E+04 0.251000E+04 0.938270E+00 0.115096E+02 0.433547E+01 -.863686E-03 0.000000E+00 
   303       1220      0 0.000000E+00 0.000000E+00 -.251000E+04 0.251000E+04 0.939650E+00 0.363858E+01 0.528614E+01 -.389739E-03 0.000000E+00 
   304       1220      0 0.000000E+00 0.000000E+00 -.251000E+04 0.251000E+04 0.939650E+00 0.276582E+01 0.279504E+01 0.826633E-04 0.000000E+00 
   305       1220      1 0.000000E+00 0.000000E+00 -.251000E+04 0.251000E+04 0.939650E+00 0.138852E+01 -.321616E+01 0.343212E-04 0.000000E+00 
   306       1220      0 0.000000E+00 0.000000E+00 -.251000E+04 0.251000E+04 0.939650E+00 0.121601E+02 0.262069E+01 0.958779E-04 0.000000E+00 
   307       1220      0 0.000000E+00 0.000000E+00 -.251000E+04 0.251000E+04 0.939650E+00 0.659321E+01 0.436795E+01 0.420482E-03 0.000000E+00 
   308       1220      0 0.000000E+00 0.000000E+00 -.251000E+04 0.251000E+04 0.939650E+00 0.827284E+01 0.353107E+01 0.651230E-03 0.000000E+00 
   309       1120      0 0.000000E+00 0.000000E+00 -.251000E+04 0.251000E+04 0.938270E+00 0.637026E+01 0.486127E+01 0.197933E-02 0.000000E+00 
   310       1120      0 0.000000E+00 0.000000E+00 -.251000E+04 0.251000E+04 0.938270E+00 0.982525E+01 0.507354E+00 0.102542E-02 0.000000E+00 
   311       1120      0 0.000000E+00 0.000000E+00 -.251000E+04 0.251000E+04 0.938270E+00 0.822213E+01 0.100465E+02 -.388148E-03 0.000000E+00 
   312       1120      0 0.000000E+00 0.000000E+00 -.251000E+04 0.251000E+04 0.938270E+00 0.535593E+01 0.328129E+01 0.168152E-02 0.000000E+00 
   313       1120      0 0.000000E+00 0.000000E+00 -.251000E+04 0.251000E+04 0.938270E+00 0.667505E+01 0.204101E+01 -.164473E-02 0.000000E+00 
   314       1120      0 0.000000E+00 0.000000E+00 -.251000E+04 0.251000E+04 0.938270E+00 0.477206E+01 0.165412E+01 -.220117E-02 0.000000E+00 
   315       1120      0 0.000000E+00 0.000000E+00 -.251000E+04 0.251000E+04 0.938270E+00 0.501993E+01 0.183375E+01 -.271159E-03 0.000000E+00 
   316       1120      0 0.000000E+00 0.000000E+00 -.251000E+04 0.251000E+04 0.938270E+00 0.959437E+01 0.955928E+01 0.165997E-03 0.000000E+00 
   317       1220      0 0.000000E+00 0.000000E+00 -.251000E+04 0.251000E+04 0.939650E+00 0.279317E+01 0.541972E+01 0.638936E-03 0.000000E+00 
   318       1120      0 0.000000E+00 0.000000E+00 -.251000E+04 0.251000E+04 0.938270E+00 0.998328E+01 0.565060E+01 0.187677E-04 0.000000E+00 
   319       1120      0 0.000000E+00 0.000000E+00 -.251000E+04 0.251000E+04 0.938270E+00 0.611190E+01 0.765810E+01 0.168433E-02 0.000000E+00 
   320       1220      0 0.000000E+00 0.000000E+00 -.251000E+04 0.251000E+04 0.939650E+00 0.914129E+01 0.653323E+01 0.198649E-02 0.000000E+00 
   321       1120      0 0.000000E+00 0.000000E+00 -.251000E+04 0.251000E+04 0.938270E+00 0.418250E+01 0.449428E+01 0.191128E-02 0.000000E+00 
   322       1220      0 0.000000E+00 0.000000E+00 -.251000E+04 0.251000E+04 0.939650E+00 0.769797E+01 0.520597E+01 0.260220E-02 0.000000E+00 
   323       1120      0 0.000000E+00 0.000000E+00 -.251000E+04 0.251000E+04 0.938270E+00 0.749439E+01 -.158300E+01 0.760876E-03 0.000000E+00 
   324       1120      0 0.000000E+00 0.000000E+00 -.251000E+04 0.251000E+04 0.938270E+00 0.532650E+01 0.834537E+01 -.132076E-02 0.000000E+00 
   325       1220      0 0.000000E+00 0.000000E+00 -.251000E+04 0.251000E+04 0.939650E+00 0.641532E+01 0.773887E+01 0.150869E-02 0.000000E+00 
   326       1220      0 0.000000E+00 0.000000E+00 -.251000E+04 0.251000E+04 0.939650E+00 0.504151E+01 0.413404E+01 0.838187E-03 0.000000E+00 
   327       1220      0 0.000000E+00 0.000000E+00 -.251000E+04 0.251000E+04 0.939650E+00 0.871989E+00 0.844868E+01 -.614975E-03 0.000000E+00 
   328       1220      0 0.000000E+00 0.000000E+00 -.251000E+04 0.251000E+04 0.939650E+00 0.277411E+00 0.297285E+01 -.648313E-03 0.000000E+00 
   329       1220      0 0.000000E+00 0.000000E+00 -.251000E+04 0.251000E+04 0.939650E+00 0.536349E+01 0.126809E+01 -.969335E-03 0.000000E+00 
   330       1120      0 0.000000E+00 0.000000E+00 -.251000E+04 0.251000E+04 0.938270E+00 0.579694E+01 -.481851E+00 0.200294E-02 0.000000E+00 
   331       1120      0 0.000000E+00 0.000000E+00 -.251000E+04 0.251000E+04 0.938270E+00 0.947102E+01 0.160493E+01 -.730041E-03 0.000000E+00 
   332       1220      0 0.000000E+00 0.000000E+00 -.251000E+04 0.251000E+04 0.939650E+00 0.773909E+01 0.302768E+01 -.732590E-03 0.000000E+00 
   333       1220      0 0.000000E+00 0.000000E+00 -.251000E+04 0.251000E+04 0.939650E+00 0.563937E+01 0.720198E+01 0.537141E-04 0.000000E+00 
   334       1120      0 0.000000E+00 0.000000E+00 -.251000E+04 0.251000E+04 0.938270E+00 0.997047E+01 0.106870E+02 0.601144E-03 0.000000E+00 
   335       1220      1 0.000000E+00 0.000000E+00 -.251000E+04 0.251000E+04 0.939650E+00 0.206402E+01 -.707818E+00 0.352901E-03 0.000000E+00 
   336       1120      0 0.000000E+00 0.000000E+00 -.251000E+04 0.251000E+04 0.938270E+00 0.702718E+01 0.539202E+01 -.138197E-02 0.000000E+00 
   337       1220      0 0.000000E+00 0.000000E+00 -.251000E+04 0.251000E+04 0.939650E+00 0.535523E+01 0.569451E+01 -.189371E-02 0.000000E+00 
   338       1120      0 0.000000E+00 0.000000E+00 -.251000E+04 0.251000E+04 0.938270E+00 0.457849E+00 0.650149E+01 -.280135E-04 0.000000E+00 
   339       1120      0 0.000000E+00 0.000000E+00 -.251000E+04 0.251000E+04 0.938270E+00 0.316959E+01 -.767644E+00 -.896294E-03 0.000000E+00 
   340       1220      0 0.000000E+00 0.000000E+00 -.251000E+04 0.251000E+04 0.939650E+00 0.101798E+02 0.812652E+01 0.681538E-03 0.000000E+00 
   341       1220      0 0.000000E+00 0.000000E+00 -.251000E+04 0.251000E+04 0.939650E+00 0.496102E+01 0.434292E+00 -.157664E-02 0.000000E+00 
   342       1120      0 0.000000E+00 0.000000E+00 -.251000E+04 0.251000E+04 0.938270E+00 0.659503E+01 0.220218E+01 0.118310E-03 0.000000E+00 
   343       1120      0 0.000000E+00 0.000000E+00 -.251000E+04 0.251000E+04 0.938270E+00 0.951390E+01 -.210361E+01 -.627181E-03 0.000000E+00 
   344       1220      0 0.000000E+00 0.000000E+00 -.251000E+04 0.251000E+04 0.939650E+00 0.199834E+01 0.734635E+01 -.902587E-04 0.000000E+00 
   345       1220      0 0.000000E+00 0.000000E+00 -.251000E+04 0.251000E+04 0.939650E+00 0.447407E+01 0.136067E+01 -.131382E-02 0.000000E+00 
   346       1120      0 0.000000E+00 0.000000E+00 -.251000E+04 0.251000E+04 0.938270E+00 0.586666E+01 0.304720E-01 -.471604E-03 0.000000E+00 
   347       1120      0 0.000000E+00 0.000000E+00 -.251000E+04 0.251000E+04 0.938270E+00 0.603558E+01 0.488924E+01 -.166824E-03 0.000000E+00 
   348       1220      0 0.000000E+00 0.000000E+00 -.251000E+04 0.251000E+04 0.939650E+00 0.565512E+01 0.985314E+01 -.123380E-02 0.000000E+00 
   349       1120      0 0.000000E+00 0.000000E+00 -.251000E+04 0.251000E+04 0.938270E+00 0.998532E+01 0.652464E+01 0.698149E-03 0.000000E+00 
   350       1220      0 0.000000E+00 0.000000E+00 -.251000E+04 0.251000E+04 0.939650E+00 0.892894E+01 0.749370E+01 -.798422E-03 0.000000E+00 
   351       1220      0 0.000000E+00 0.000000E+00 -.251000E+04 0.251000E+04 0.939650E+00 0.849134E+01 0.386599E+01 -.351484E-03 0.000000E+00 
   352       1220      0 0.000000E+00 0.000000E+00 -.251000E+04 0.251000E+04 0.939650E+00 0.133458E+01 0.479821E+01 0.810921E-03 0.000000E+00 
   353       1220      0 0.000000E+00 0.000000E+00 -.251000E+04 0.251000E+04 0.939650E+00 0.122987E+02 0.343867E+01 -.129930E-02 0.000000E+00 
   354       1220      0 0.000000E+00 0.000000E+00 -.251000E+04 0.251000E+04 0.939650E+00 0.525169E+01 0.507888E+01 0.228176E-02 0.000000E+00 
   355       1120      0 0.000000E+00 0.000000E+00 -.251000E+04 0.251000E+04 0.938270E+00 0.906724E+00 0.426159E+01 0.173185E-03 0.000000E+00 
   356       1220      0 0.000000E+00 0.000000E+00 -.251000E+04 0.251000E+04 0.939650E+00 0.483171E+01 0.736371E+01 0.119889E-02 0.000000E+00 
   357       1220      0 0.000000E+00 0.000000E+00 -.251000E+04 0.251000E+04 0.939650E+00 0.105776E+02 0.571471E+01 0.166404E-02 0.000000E+00 
   358       1120      0 0.000000E+00 0.000000E+00 -.251000E+04 0.251000E+04 0.938270E+00 0.244236E+01 0.560732E+01 0.142123E-02 0.000000E+00 
   359       1120      0 0.000000E+00 0.000000E+00 -.251000E+04 0.251000E+04 0.938270E+00 0.440730E+01 0.357724E+01 -.469796E-03 0.000000E+00 
   360       1220      0 0.000000E+00 0.000000E+00 -.251000E+04 0.251000E+04 0.939650E+00 0.786993E+01 0.340207E+01 0.282338E-03 0.000000E+00 
   361       1120      0 0.000000E+00 0.000000E+00 -.251000E+04 0.251000E+04 0.938270E+00 0.242178E+01 0.299867E+01 -.896161E-03 0.000000E+00 
   362       1120      0 0.000000E+00 0.000000E+00 -.251000E+04 0.251000E+04 0.938270E+00 0.302549E+01 0.693037E+01 0.142483E-02 0.000000E+00 
   363       1120      0 0.000000E+00 0.000000E+00 -.251000E+04 0.251000E+04 0.938270E+00 0.893126E+01 0.574533E+01 0.248131E-03 0.000000E+00 
   364       1220      0 0.000000E+00 0.000000E+00 -.251000E+04 0.251000E+04 0.939650E+00 0.725974E+01 0.837691E+01 0.526668E-04 0.000000E+00 
   365       1120      0 0.000000E+00 0.000000E+00 -.251000E+04 0.251000E+04 0.938270E+00 0.172992E+01 0.723130E+01 -.155714E-02 0.000000E+00 
   366       1220      0 0.000000E+00 0.000000E+00 -.251000E+04 0.251000E+04 0.939650E+00 0.110172E+02 0.719808E+01 -.663318E-03 0.000000E+00 
   367       1220      0 0.000000E+00 0.000000E+00 -.251000E+04 0.251000E+04 0.939650E+00 0.224517E+01 0.526604E+01 -.148231E-02 0.000000E+00 
   368       1220      0 0.000000E+00 0.000000E+00 -.251000E+04 0.251000E+04 0.939650E+00 0.501312E+01 0.915090E+01 -.120254E-02 0.000000E+00 
   369       1220      0 0.000000E+00 0.000000E+00 -.251000E+04 0.251000E+04 0.939650E+00 0.830720E+01 -.738241E+00 -.159158E-02 0.000000E+00 
   370       1220      0 0.000000E+00 0.000000E+00 -.251000E+04 0.251000E+04 0.939650E+00 0.393468E+01 0.213200E+01 -.797418E-03 0.000000E+00 
   371       1220      0 0.000000E+00 0.000000E+00 -.251000E+04 0.251000E+04 0.939650E+00 0.133147E+02 0.775534E+01 -.145452E-02 0.000000E+00 
   372       1120      0 0.000000E+00 0.000000E+00 -.251000E+04 0.251000E+04 0.938270E+00 0.293816E+01 0.747214E+01 -.352478E-03 0.000000E+00 
   373       1120      0 0.000000E+00 0.000000E+00 -.251000E+04 0.251000E+04 0.938270E+00 0.117881E+02 0.249376E+01 -.116761E-02 0.000000E+00 
   374       1120      0 0.000000E+00 0.000000E+00 -.251000E+04 0.251000E+04 0.938270E+00 0.921191E+01 0.137215E+01 -.669558E-04 0.000000E+00 
   375       1220      0 0.000000E+00 0.000000E+00 -.251000E+04 0.251000E+04 0.939650E+00 0.433418E+01 0.437630E+01 -.210413E-02 0.000000E+00 
   376       1120      0 0.000000E+00 0.000000E+00 -.251000E+04 0.251000E+04 0.938270E+00 0.245240E+01 0.351364E+01 -.995201E-03 0.000000E+00 
   377       1120      0 0.000000E+00 0.000000E+00 -.251000E+04 0.251000E+04 0.938270E+00 0.857045E+01 0.435712E+01 0.145195E-02 0.000000E+00 
   378       1120      0 0.000000E+00 0.000000E+00 -.251000E+04 0.251000E+04 0.938270E+00 0.428682E+01 0.227840E+01 0.346706E-03 0.000000E+00 
   379       1220      0 0.000000E+00 0.000000E+00 -.251000E+04 0.251000E+04 0.939650E+00 0.711627E+00 0.437818E+01 -.988609E-05 0.000000E+00 
   380       1120      0 0.000000E+00 0.000000E+00 -.251000E+04 0.251000E+04 0.938270E+00 0.103690E+02 0.679377E+01 -.212232E-02 0.000000E+00 
   381       1220      0 0.000000E+00 0.000000E+00 -.251000E+04 0.251000E+04 0.939650E+00 0.963715E+01 0.127061E+01 -.466190E-03 0.000000E+00 
   382       1120      0 0.000000E+00 0.000000E+00 -.251000E+04 0.251000E+04 0.938270E+00 0.451222E+01 0.486638E+01 -.169469E-02 0.000000E+00 
   383       1220      0 0.000000E+00 0.000000E+00 -.251000E+04 0.251000E+04 0.939650E+00 0.363468E+01 0.330670E+01 0.324658E-03 0.000000E+00 
   384       1220      0 0.000000E+00 0.000000E+00 -.251000E+04 0.251000E+04 0.939650E+00 0.678531E+01 -.141187E+01 0.541490E-03 0.000000E+00 
   385       1120      0 0.000000E+00 0.000000E+00 -.251000E+04 0.251000E+04 0.938270E+00 0.115996E+02 0.223915E+01 0.259243E-03 0.000000E+00 
   386       1120      0 0.000000E+00 0.000000E+00 -.251000E+04 0.251000E+04 0.938270E+00 0.293659E+01 0.958181E+01 0.376601E-03 0.000000E+00 
   387       1120      0 0.000000E+00 0.000000E+00 -.251000E+04 0.251000E+04 0.938270E+00 0.782393E+01 0.106623E+01 -.944239E-03 0.000000E+00 
   388       1220      0 0.000000E+00 0.000000E+00 -.251000E+04 0.251000E+04 0.939650E+00 0.931869E+01 0.326973E+01 0.630655E-03 0.000000E+00 
   389       1120      0 0.000000E+00 0.000000E+00 -.251000E+04 0.251000E+04 0.938270E+00 0.946782E+01 0.222507E+01 -.209133E-02 0.000000E+00 
   390       1120      0 0.000000E+00 0.000000E+00 -.251000E+04 0.251000E+04 0.938270E+00 0.116924E+02 0.378835E+01 0.134911E-02 0.000000E+00 
   391       1220      0 0.000000E+00 0.000000E+00 -.251000E+04 0.251000E+04 0.939650E+00 0.357283E+01 0.405634E+01 -.152318E-02 0.000000E+00 
   392       1220      0 0.000000E+00 0.000000E+00 -.251000E+04 0.251000E+04 0.939650E+00 0.951425E+01 0.273972E+01 -.952382E-03 0.000000E+00 
   393       1120      0 0.000000E+00 0.000000E+00 -.251000E+04 0.251000E+04 0.938270E+00 0.585674E+01 0.711719E+01 -.163872E-02 0.000000E+00 
   394       1120      0 0.000000E+00 0.000000E+00 -.251000E+04 0.251000E+04 0.938270E+00 0.415459E+01 0.873523E+00 0.196812E-02 0.000000E+00 
   395       1220      0 0.000000E+00 0.000000E+00 -.251000E+04 0.251000E+04 0.939650E+00 0.775851E+01 0.219482E+01 -.260084E-02 0.000000E+00 
   396       1120      0 0.000000E+00 0.000000E+00 -.251000E+04 0.251000E+04 0.938270E+00 0.530503E+01 -.292065E+01 0.635120E-03 0.000000E+00 
   397       1220      0 0.000000E+00 0.000000E+00 -.251000E+04 0.251000E+04 0.939650E+00 0.670114E+01 0.848994E+01 0.127656E-03 0.000000E+00 
   398       1220      0 0.000000E+00 0.000000E+00 -.251000E+04 0.251000E+04 0.939650E+00 0.908353E+01 0.706751E+01 -.288290E-04 0.000000E+00 
   399       1220      0 0.000000E+00 0.000000E+00 -.251000E+04 0.251000E+04 0.939650E+00 0.285212E+01 0.335896E+01 0.127920E-02 0.000000E+00 
   400       1120      0 0.000000E+00 0.000000E+00 -.251000E+04 0.251000E+04 0.938270E+00 0.343861E+01 0.231171E+01 0.917666E-03 0.000000E+00 
   401       1220      0 0.000000E+00 0.000000E+00 -.251000E+04 0.251000E+04 0.939650E+00 0.116223E+02 0.298085E+01 0.116949E-02 0.000000E+00 
   402       1220      0 0.000000E+00 0.000000E+00 -.251000E+04 0.251000E+04 0.939650E+00 0.256553E+01 0.581294E+01 -.550169E-04 0.000000E+00 
   403       1220      0 0.000000E+00 0.000000E+00 -.251000E+04 0.251000E+04 0.939650E+00 0.484904E+01 0.823761E+01 -.156491E-02 0.000000E+00 
   404       1220      0 0.000000E+00 0.000000E+00 -.251000E+04 0.251000E+04 0.939650E+00 0.783144E+01 0.619739E+01 -.879536E-03 0.000000E+00 
   405       1220      0 0.000000E+00 0.000000E+00 -.251000E+04 0.251000E+04 0.939650E+00 0.649597E+01 -.111537E+01 -.118119E-02 0.000000E+00 
   406       1220      0 0.000000E+00 0.000000E+00 -.251000E+04 0.251000E+04 0.939650E+00 0.868885E+01 0.731289E+01 -.122875E-03 0.000000E+00 
   407       1220      0 0.000000E+00 0.000000E+00 -.251000E+04 0.251000E+04 0.939650E+00 0.102586E+02 0.647796E+01 0.123894E-02 0.000000E+00 
   408       1220      0 0.000000E+00 0.000000E+00 -.251000E+04 0.251000E+04 0.939650E+00 0.112862E+02 0.112949E+01 -.123921E-02 0.000000E+00 
   409       1220      0 0.000000E+00 0.000000E+00 -.251000E+04 0.251000E+04 0.939650E+00 0.411419E+01 -.215561E+01 -.676678E-03 0.000000E+00 
   410       1120      0 0.000000E+00 0.000000E+00 -.251000E+04 0.251000E+04 0.938270E+00 0.849882E+01 0.406861E+01 0.262822E-02 0.000000E+00 
   411       1220      0 0.000000E+00 0.000000E+00 -.251000E+04 0.251000E+04 0.939650E+00 0.740635E+01 0.615425E+01 0.283308E-03 0.000000E+00 
   412       1220      0 0.000000E+00 0.000000E+00 -.251000E+04 0.251000E+04 0.939650E+00 0.630067E+01 0.268767E+01 -.111142E-02 0.000000E+00 
   413       1220      0 0.000000E+00 0.000000E+00 -.251000E+04 0.251000E+04 0.939650E+00 0.914144E+01 0.616671E+01 0.215881E-02 0.000000E+00 
   414       1120      0 0.000000E+00 0.000000E+00 -.251000E+04 0.251000E+04 0.938270E+00 0.129609E+02 0.351282E+01 -.951371E-03 0.000000E+00 
   415       1220      0 0.000000E+00 0.000000E+00 -.251000E+04 0.251000E+04 0.939650E+00 0.497645E+01 0.153280E+00 -.113184E-03 0.000000E+00 
   416       1120      0 0.000000E+00 0.000000E+00 -.251000E+04 0.251000E+04 0.938270E+00 0.331511E+01 0.146941E+01 -.763156E-03 0.000000E+00 
   418      -1200     21 -.719878E+00 -.334859E+00 0.129055E+03 0.129057E+03 0.000000E+00 0.438485E+00 0.298812E-01 0.524954E-03 -.829893E-03 
   419       1300     21 -.412210E+00 0.757660E+00 -.143613E+02 0.143871E+02 0.000000E+00 0.438485E+00 0.298812E-01 0.524954E-03 -.829893E-03 
   420         -1     21 0.739041E+00 -.496942E+00 0.340061E+02 0.340178E+02 0.000000E+00 0.438485E+00 0.298812E-01 0.524954E-03 -.829893E-03 
   421          1     21 0.173891E+00 0.821837E+00 -.254761E+01 0.268253E+01 0.000000E+00 0.438485E+00 0.298812E-01 0.524954E-03 -.829893E-03 
   432       -230      3 0.114760E+00 -.374008E+00 0.156926E+03 0.156927E+03 0.497610E+00 0.657358E+00 -.309630E+01 0.644852E+03 0.644855E+03 
   433       1231      3 0.638925E+00 0.789631E+00 0.452783E+03 0.452786E+03 0.138370E+01 0.608899E+00 -.136946E+01 0.348652E+03 0.348652E+03 
   434        230      3 -.251944E+00 -.155338E+00 0.245377E+03 0.245378E+03 0.497610E+00 -.285591E+00 -.213713E+01 0.632532E+03 0.632532E+03 
   435        120      3 0.463561E+00 -.541370E-01 0.107847E+03 0.107848E+03 0.139570E+00 0.681207E+00 -.185004E+01 0.199325E+03 0.199325E+03 
   436       1212      3 -.306966E+00 0.918593E+00 0.386551E+03 0.386557E+03 0.195000E+01 0.135072E-01 -.106363E+01 0.411520E+03 0.411524E+03 
   437        121      3 -.614795E+00 -.112192E+00 0.157191E+03 0.157194E+03 0.775260E+00 0.647179E-01 -.183644E+01 0.151192E+03 0.151192E+03 
   438        774      4 0.376946E+00 -.845356E+00 0.356829E+03 0.356833E+03 0.135400E+01 0.114610E+01 -.378837E+01 0.940249E+03 0.940257E+03 
   439       -120      3 0.498970E+00 -.564415E+00 0.950419E+02 0.950449E+02 0.139570E+00 0.379753E+01 -.580250E+01 0.775142E+03 0.775162E+03 
   440       -120      3 -.106934E-01 0.721025E+00 0.150774E+03 0.150775E+03 0.139570E+00 0.222048E+00 0.748575E+00 0.634405E+03 0.634410E+03 
   441        231      3 -.913021E+00 0.395048E+00 0.237519E+03 0.237523E+03 0.895550E+00 -.338400E+00 -.154197E+01 0.256934E+03 0.256935E+03 
   442       1120      3 0.278364E-01 0.261523E-02 0.251000E+04 0.251000E+04 0.938270E+00 -.298400E+00 -.247755E+01 0.233624E+04 0.233624E+04 
   443       1120      3 0.665814E-01 0.240035E-01 0.250999E+04 0.250999E+04 0.938270E+00 -.389831E+00 -.308510E+01 0.206120E+04 0.206120E+04 
   444       1220      3 0.603289E-01 0.162396E+00 0.251000E+04 0.251000E+04 0.939650E+00 -.926932E+00 -.431688E+00 0.564277E+04 0.564277E+04 
   445       1120      3 0.345411E-01 -.948079E-02 -.251000E+04 0.251000E+04 0.938270E+00 0.863415E+00 0.944388E+00 -.198228E+04 0.198228E+04 
   447        121      3 0.339092E+00 -.210737E+00 -.138748E+03 0.138751E+03 0.775260E+00 0.171248E+01 -.150762E+01 -.214869E+02 0.214861E+02 
   448       1234      3 0.139849E+00 -.378837E+00 -.344419E+03 0.344423E+03 0.151954E+01 0.180357E+01 -.181555E+01 -.306010E+03 0.306013E+03 
   449      -1130      3 -.492557E-01 0.382058E-01 -.358985E+03 0.358987E+03 0.118937E+01 0.152595E+01 -.136745E+01 -.115535E+04 0.115535E+04 
   450       -213      3 0.102877E+01 -.107225E+01 -.437796E+03 0.437802E+03 0.172000E+01 0.209840E+01 -.192217E+01 -.186193E+03 0.186194E+03 
   451       -120      3 -.821789E-02 -.772283E-01 -.660728E+02 0.660730E+02 0.139570E+00 0.158299E+01 -.243085E+01 -.814952E+03 0.814953E+03 
   452        703      4 0.317467E+00 0.282302E+00 -.145090E+03 0.145092E+03 0.475000E+00 0.203552E+01 -.117608E+01 -.170524E+03 0.170524E+03 
   453        220      3 -.487562E-01 0.302700E+00 -.179029E+03 0.179030E+03 0.547860E+00 0.167814E+01 -.145816E+01 -.279730E+02 0.279721E+02 
   454        120      3 0.249212E+00 -.427552E+00 -.522490E+02 0.522516E+02 0.139570E+00 0.188121E+01 -.182916E+01 -.510139E+02 0.510149E+02 
   455        237      3 -.153671E+01 -.275587E+00 -.714628E+03 0.714631E+03 0.143240E+01 -.179680E+00 -.182348E+01 -.875791E+03 0.875794E+03 
   456        110      3 -.346365E+00 0.493653E-01 -.559756E+02 0.559769E+02 0.134970E+00 0.317460E+00 -.129475E+01 -.230205E+03 0.230209E+03 
   457       1120      3 0.113026E+00 0.340525E-01 -.251000E+04 0.251000E+04 0.938270E+00 0.233979E+01 -.260803E+00 -.565973E+04 0.565973E+04 
   458       1220      3 -.119776E+00 0.678253E-01 -.251000E+04 0.251000E+04 0.939650E+00 0.133540E+01 -.318608E+01 -.111310E+04 0.111310E+04 
   459       1220      3 -.442107E-01 0.216605E-01 -.251000E+04 0.251000E+04 0.939650E+00 0.203120E+01 -.691738E+00 -.186324E+04 0.186324E+04 
   461      -1220      3 -.467195E+00 -.375429E+00 0.950449E+02 0.950514E+02 0.939650E+00 -.408734E+00 -.717737E+00 0.176340E+03 0.176350E+03 
   462        220      3 -.285957E-01 0.981979E-01 0.481803E+01 0.485016E+01 0.547860E+00 0.420258E+00 0.108633E+00 0.637045E+01 0.641157E+01 
   463        231      3 0.418288E-01 0.932612E-01 0.901621E+01 0.906115E+01 0.895550E+00 0.488871E+00 0.474915E-01 0.664087E+01 0.667262E+01 
   464        330      3 -.589035E+00 0.211539E+00 0.112674E+02 0.113089E+02 0.738460E+00 -.683846E+00 0.388898E+00 0.218436E+02 0.219227E+02 
   465       -130      3 0.122891E+00 -.516964E+00 0.879587E+01 0.882572E+01 0.493680E+00 0.590589E+00 -.578684E+00 0.948592E+01 0.951676E+01 
   466       1131      3 -.211983E+00 0.912195E+00 -.142489E+02 0.143469E+02 0.138746E+01 0.217342E+00 0.101467E+01 -.161802E+02 0.162912E+02 
   468        110      3 0.428589E+00 -.141695E+00 0.115794E+02 0.115889E+02 0.134970E+00 0.235554E+01 -.601361E+00 0.516016E+02 0.516429E+02 
   469       -121      3 -.265446E-01 -.369385E+00 0.164014E+02 0.164239E+02 0.775260E+00 0.385583E+00 -.805419E+00 0.370981E+02 0.371476E+02 
   470      -2230      3 0.409762E+00 0.564389E-01 0.476555E+01 0.493107E+01 0.119744E+01 0.868660E+00 0.883407E-01 0.492046E+01 0.508999E+01 
   471       2130      3 -.136240E+00 0.283220E+00 0.710585E+00 0.135958E+01 0.111568E+01 -.434673E-01 0.104681E+01 0.255147E+01 0.487995E+01 
   472        110      3 0.262040E+00 0.246713E+00 -.487824E+00 0.621065E+00 0.134970E+00 0.450707E+01 0.385396E+01 -.756042E+01 0.962526E+01 
   473        111      3 -.246749E-01 0.249603E+00 -.151056E+01 0.177578E+01 0.899265E+00 0.431542E+00 0.172515E+00 -.861513E+00 0.101256E+01 
   474        774      1 0.376946E+00 -.845356E+00 0.356829E+03 0.356833E+03 0.136882E+01 0.114610E+01 -.378837E+01 0.940249E+03 0.940257E+03 
   475        703      1 0.317467E+00 0.282302E+00 -.145090E+03 0.145092E+03 0.498080E+00 0.203552E+01 -.117608E+01 -.170524E+03 0.170524E+03 
   476       2130      0 0.709103E+00 0.570413E+00 0.396250E+03 0.396253E+03 0.111600E+01 0.516951E+01 0.426689E+01 0.358059E+04 0.358061E+04 
   477       1120      0 -.403055E+00 0.252879E+00 0.247871E+03 0.247873E+03 0.938000E+00 -.220925E+01 -.386161E+00 0.120141E+04 0.120142E+04 
   478       1120      0 0.278364E-01 0.261523E-02 0.251000E+04 0.251000E+04 0.938270E+00 -.298400E+00 -.247755E+01 0.233624E+04 0.233624E+04 
   479       1120      0 0.665814E-01 0.240035E-01 0.250999E+04 0.250999E+04 0.938270E+00 -.389831E+00 -.308510E+01 0.206120E+04 0.206120E+04 
   480       1220      0 0.603289E-01 0.162396E+00 0.251000E+04 0.251000E+04 0.939650E+00 -.926932E+00 -.431688E+00 0.564277E+04 0.564277E+04 
   481       1120      0 0.345411E-01 -.948079E-02 -.251000E+04 0.251000E+04 0.938270E+00 0.863415E+00 0.944388E+00 -.198228E+04 0.198228E+04 
   482       1220      0 0.599694E-01 0.346344E-02 -.196377E+03 0.196379E+03 0.938000E+00 0.216027E+01 -.278181E+01 -.118449E+04 0.118450E+04 
   483      -1130      0 -.492557E-01 0.382058E-01 -.358985E+03 0.358987E+03 0.118937E+01 0.152595E+01 -.136745E+01 -.115535E+04 0.115535E+04 
   484       1120      0 0.113026E+00 0.340525E-01 -.251000E+04 0.251000E+04 0.938270E+00 0.233979E+01 -.260803E+00 -.565973E+04 0.565973E+04 
   485       1220      0 -.119776E+00 0.678253E-01 -.251000E+04 0.251000E+04 0.939650E+00 0.133540E+01 -.318608E+01 -.111310E+04 0.111310E+04 
   486       1220      0 -.442107E-01 0.216605E-01 -.251000E+04 0.251000E+04 0.939650E+00 0.203120E+01 -.691738E+00 -.186324E+04 0.186324E+04 
   487      -1220      0 -.467195E+00 -.375429E+00 0.950449E+02 0.950515E+02 0.939650E+00 -.408734E+00 -.717737E+00 0.176340E+03 0.176350E+03 
   488       2130      0 -.245934E+00 0.872105E+00 -.137922E+02 0.138669E+02 0.111600E+01 -.331712E+00 0.337733E+01 -.530862E+02 0.534509E+02 
   489      -2230      0 0.409762E+00 0.564389E-01 0.476555E+01 0.493107E+01 0.119744E+01 0.868660E+00 0.883407E-01 0.492046E+01 0.508999E+01 
   490       2130      0 -.136240E+00 0.283220E+00 0.710585E+00 0.135958E+01 0.111568E+01 -.434673E-01 0.104681E+01 0.255147E+01 0.487995E+01 
   491       -230      1 0.114760E+00 -.374008E+00 0.156926E+03 0.156927E+03 0.497610E+00 0.657358E+00 -.309630E+01 0.644852E+03 0.644855E+03 
   492        230      1 -.251944E+00 -.155338E+00 0.245377E+03 0.245378E+03 0.497610E+00 -.285591E+00 -.213713E+01 0.632532E+03 0.632532E+03 
   493        120      0 0.463561E+00 -.541370E-01 0.107847E+03 0.107848E+03 0.139570E+00 0.681207E+00 -.185004E+01 0.199325E+03 0.199325E+03 
   494       -120      0 0.498970E+00 -.564415E+00 0.950419E+02 0.950449E+02 0.139570E+00 0.379753E+01 -.580250E+01 0.775142E+03 0.775162E+03 
   495       -120      0 -.106934E-01 0.721025E+00 0.150774E+03 0.150775E+03 0.139570E+00 0.222048E+00 0.748575E+00 0.634405E+03 0.634410E+03 
   496        130      0 -.449794E+00 0.147837E+00 0.177423E+03 0.177425E+03 0.494000E+00 -.179782E+01 -.910506E+00 0.636597E+03 0.636605E+03 
   497        110      0 0.169927E+00 0.264574E+00 -.628389E+02 0.628398E+02 0.138000E+00 0.286937E+01 -.222659E+01 -.494854E+03 0.494862E+03 
   498        110      0 -.461836E-01 -.556037E+00 -.840405E+02 0.840424E+02 0.138000E+00 0.306420E+01 -.294447E+01 -.574825E+03 0.574832E+03 
   499       -120      0 -.821789E-02 -.772283E-01 -.660728E+02 0.660730E+02 0.139570E+00 0.158299E+01 -.243085E+01 -.814952E+03 0.814953E+03 
   500        220      1 -.487562E-01 0.302700E+00 -.179029E+03 0.179030E+03 0.547859E+00 0.167814E+01 -.145816E+01 -.279730E+02 0.279721E+02 
   501        120      0 0.249212E+00 -.427552E+00 -.522490E+02 0.522516E+02 0.139570E+00 0.188121E+01 -.182916E+01 -.510139E+02 0.510149E+02 
   502        130      0 -.162107E+01 -.918482E-01 -.477754E+03 0.477757E+03 0.494000E+00 -.302185E+00 -.184545E+01 -.932761E+03 0.932764E+03 
   503        110      0 -.346365E+00 0.493653E-01 -.559756E+02 0.559769E+02 0.134970E+00 0.317460E+00 -.129475E+01 -.230205E+03 0.230209E+03 
   504        220      1 -.285957E-01 0.981979E-01 0.481803E+01 0.485016E+01 0.547858E+00 0.420258E+00 0.108633E+00 0.637045E+01 0.641157E+01 
   505        230      1 -.996099E-01 0.146208E+00 0.829247E+01 0.830906E+01 0.497610E+00 0.693584E+00 0.503918E+00 0.507668E+02 0.510185E+02 
   506         10      0 -.144578E+00 0.117540E+00 0.867504E+01 0.867704E+01 0.000000E+00 -.129052E+04 0.463606E+03 0.246946E+05 0.247855E+05 
   507       -130      0 0.122891E+00 -.516964E+00 0.879587E+01 0.882572E+01 0.493680E+00 0.590589E+00 -.578684E+00 0.948592E+01 0.951676E+01 
   508        110      0 0.428589E+00 -.141695E+00 0.115794E+02 0.115889E+02 0.134970E+00 0.235554E+01 -.601361E+00 0.516016E+02 0.516429E+02 
   509       -120      0 0.229274E+00 -.478845E+00 0.105403E+02 0.105546E+02 0.138000E+00 0.259209E+00 -.256400E+01 0.115183E+03 0.115339E+03 
   510        110      0 0.262040E+00 0.246713E+00 -.487824E+00 0.621065E+00 0.134970E+00 0.450707E+01 0.385396E+01 -.756042E+01 0.962526E+01 
   511       -120      0 -.434747E+00 0.621326E-01 -.800026E+00 0.923012E+00 0.138000E+00 0.402023E+00 0.471121E+00 -.266863E+01 0.313696E+01 
   512        120      0 0.410072E+00 0.187470E+00 -.710535E+00 0.852765E+00 0.138000E+00 0.402023E+00 0.471121E+00 -.266863E+01 0.313696E+01 
   513        110      0 0.141439E+00 -.529466E-01 0.723736E+00 0.752094E+00 0.138000E+00 0.693584E+00 0.503918E+00 0.507668E+02 0.510185E+02 
   514        120      0 0.339513E-01 0.400896E-01 -.456742E+00 0.480018E+00 0.138000E+00 -.331712E+00 0.337733E+01 -.530862E+02 0.534509E+02 
   515        110      0 -.255819E+00 0.109460E+00 0.586108E+01 0.586930E+01 0.138000E+00 0.259209E+00 -.256400E+01 0.115183E+03 0.115339E+03 
   516        120      0 0.173263E+00 0.906878E-01 -.134223E+03 0.134223E+03 0.138000E+00 0.272031E+01 -.257037E+01 -.450848E+03 0.450853E+03 
   517       -120      0 0.323403E+00 -.584086E+00 -.111745E+03 0.111747E+03 0.138000E+00 0.272031E+01 -.257037E+01 -.450848E+03 0.450853E+03 
   518       -120      0 -.219765E+00 0.283866E+00 0.587508E+02 0.587521E+02 0.138000E+00 0.312669E+00 -.342125E+00 0.703588E+03 0.703595E+03 
   519        120      0 0.588987E+00 -.183837E+00 -.149827E+03 0.149829E+03 0.138000E+00 0.435853E+01 -.372320E+01 -.896780E+03 0.896795E+03 
   520        110      0 -.613486E+00 -.137098E+00 0.680400E+02 0.680431E+02 0.138000E+00 -.138826E+01 -.210159E+01 0.522688E+03 0.522696E+03 
   521       -120      0 -.463227E+00 0.247211E+00 0.600960E+02 0.600984E+02 0.138000E+00 -.179782E+01 -.910506E+00 0.636597E+03 0.636605E+03 
   522        120      0 0.499727E+00 0.214903E+00 0.141591E+03 0.141592E+03 0.138000E+00 0.312669E+00 -.342125E+00 0.703588E+03 0.703595E+03 
   523       -120      0 0.158467E+00 -.314289E+00 -.338688E+02 0.338710E+02 0.138000E+00 0.435853E+01 -.372320E+01 -.896780E+03 0.896795E+03 
   524       -120      0 0.843586E-01 -.183739E+00 -.236874E+03 0.236874E+03 0.138000E+00 -.302185E+00 -.184545E+01 -.932761E+03 0.932764E+03 
   525       -230      1 0.798797E-01 -.382300E+00 -.148043E+03 0.148044E+03 0.497610E+00 0.216027E+01 -.278181E+01 -.118449E+04 0.118450E+04 
   526        120      0 -.185183E+00 0.191850E+00 0.274896E+02 0.274912E+02 0.138000E+00 -.220925E+01 -.386161E+00 0.120141E+04 0.120142E+04 
   527        110      0 -.701783E-01 0.219218E+00 0.565328E+02 0.565334E+02 0.138000E+00 0.516951E+01 0.426689E+01 0.358059E+04 0.358061E+04 
   528         10      0 -.444457E+00 0.939993E-01 0.259233E+01 0.263184E+01 0.000000E+00 -.129052E+04 0.463606E+03 0.246946E+05 0.247855E+05 
   529      11100      9 -.246749E-01 0.249603E+00 -.151056E+01 0.171350E+01 0.769000E+00 0.100000E-29 0.100000E-29 0.100000E-29 0.101256E+01 
   530      23101      9 0.418288E-01 0.932612E-01 0.901621E+01 0.906090E+01 0.893000E+00 0.100000E-29 0.100000E-29 0.100000E-29 0.667262E+01 
   531     113100      9 -.211983E+00 0.912195E+00 -.142489E+02 0.143466E+02 0.138400E+01 0.100000E-29 0.100000E-29 0.100000E-29 0.162912E+02 
   532     -12100      9 -.265446E-01 -.369385E+00 0.164014E+02 0.164236E+02 0.769000E+00 0.100000E-29 0.100000E-29 0.100000E-29 0.371476E+02 
   533     -12100      9 0.102877E+01 -.107225E+01 -.437796E+03 0.437799E+03 0.769000E+00 0.100000E-29 0.100000E-29 0.100000E-29 0.186194E+03 
   534      12100      9 0.339092E+00 -.210737E+00 -.138748E+03 0.138751E+03 0.769000E+00 0.100000E-29 0.100000E-29 0.100000E-29 0.214861E+02 
   535      12100      9 -.614795E+00 -.112192E+00 0.157191E+03 0.157194E+03 0.769000E+00 0.100000E-29 0.100000E-29 0.100000E-29 0.151192E+03 
   536     -12100      9 0.532105E+00 -.578851E+00 -.191828E+03 0.191831E+03 0.769000E+00 0.100000E-29 0.100000E-29 0.100000E-29 0.450853E+03 
   537      23100      9 -.913021E+00 0.395048E+00 0.237519E+03 0.237523E+03 0.893000E+00 0.100000E-29 0.100000E-29 0.100000E-29 0.256935E+03 
   538      11100      9 0.279963E+00 0.498769E+00 0.200342E+03 0.200344E+03 0.769000E+00 0.100000E-29 0.100000E-29 0.100000E-29 0.461252E+03 
   539      11100      9 0.747454E+00 -.498126E+00 -.183696E+03 0.183700E+03 0.769000E+00 0.100000E-29 0.100000E-29 0.100000E-29 0.602000E+03 
   540     123401      9 0.139849E+00 -.378837E+00 -.344419E+03 0.344423E+03 0.152000E+01 0.100000E-29 0.100000E-29 0.100000E-29 0.306013E+03 
   541     111100      9 -.588237E+00 0.444729E+00 0.275360E+03 0.275364E+03 0.123200E+01 0.100000E-29 0.100000E-29 0.100000E-29 0.603391E+03 
   542     123100      9 0.638925E+00 0.789631E+00 0.452783E+03 0.452786E+03 0.138400E+01 0.100000E-29 0.100000E-29 0.100000E-29 0.348652E+03 
   543        220      1 0.234096E+00 -.684980E-01 0.253619E+03 0.253620E+03 0.547862E+00 0.191814E+01 -.551977E+01 0.167109E+04 0.167110E+04 
   544        120      0 0.142850E+00 -.776858E+00 0.103210E+03 0.103213E+03 0.139570E+00 0.191814E+01 -.551977E+01 0.167109E+04 0.167110E+04 
   545        120      0 0.397534E+00 0.244312E+00 -.102796E+03 0.102798E+03 0.139570E+00 0.849119E+01 0.456451E+01 -.312092E+04 0.312095E+04 
   546       -120      0 -.800671E-01 0.379903E-01 -.422938E+02 0.422941E+02 0.139570E+00 0.849119E+01 0.456451E+01 -.312092E+04 0.312095E+04 
   547         20      0 0.114760E+00 -.374008E+00 0.156926E+03 0.156927E+03 0.497610E+00 0.118743E+02 -.396528E+02 0.159832E+05 0.159833E+05 
   548        -20      0 -.251944E+00 -.155338E+00 0.245377E+03 0.245378E+03 0.497610E+00 -.216343E+02 -.152998E+02 0.214248E+05 0.214248E+05 
   549         10      0 -.159394E+00 0.110905E+00 -.199130E+02 0.199140E+02 0.000000E+00 -.653428E+04 0.405767E+05 -.239996E+08 0.239997E+08 
   550         10      0 0.110638E+00 0.191795E+00 -.159116E+03 0.159116E+03 0.000000E+00 -.653428E+04 0.405767E+05 -.239996E+08 0.239997E+08 
   551         10      0 0.851151E-01 -.499902E-01 0.427054E+01 0.427168E+01 0.000000E+00 -.179058E+04 0.615042E+04 0.301768E+06 0.303780E+06 
   552         10      0 -.113711E+00 0.148188E+00 0.547497E+00 0.578483E+00 0.000000E+00 -.179058E+04 0.615042E+04 0.301768E+06 0.303780E+06 
   553        -20      0 -.996099E-01 0.146208E+00 0.829247E+01 0.830906E+01 0.494000E+00 -.512397E+01 0.904294E+01 0.535075E+03 0.536295E+03 
   554        -20      0 0.798797E-01 -.382300E+00 -.148043E+03 0.148044E+03 0.494000E+00 0.283215E+02 -.127989E+03 -.496697E+05 0.496701E+05 
   555        110      0 0.832337E-01 0.422247E-01 0.106412E+03 0.106412E+03 0.134970E+00 0.345109E+05 -.101031E+05 0.373887E+08 0.373888E+08 
   556        110      0 0.135444E-01 -.237626E-01 0.101582E+03 0.101582E+03 0.134970E+00 0.345109E+05 -.101031E+05 0.373887E+08 0.373888E+08 
   557        110      0 0.137318E+00 -.869601E-01 0.456248E+02 0.456252E+02 0.134970E+00 0.345109E+05 -.101031E+05 0.373887E+08 0.373888E+08 
   558       -230      6 0.114760E+00 -.374008E+00 0.156926E+03 0.156927E+03 0.497610E+00 0.657358E+00 -.309630E+01 0.644852E+03 0.644855E+03 
   559       1231      6 0.638925E+00 0.789631E+00 0.452783E+03 0.452786E+03 0.138565E+01 0.608899E+00 -.136946E+01 0.348652E+03 0.348652E+03 
   560        230      6 -.251944E+00 -.155338E+00 0.245377E+03 0.245378E+03 0.497610E+00 -.285591E+00 -.213713E+01 0.632532E+03 0.632532E+03 
   561        120      8 0.463561E+00 -.541370E-01 0.107847E+03 0.107848E+03 0.139570E+00 0.681207E+00 -.185004E+01 0.199325E+03 0.199325E+03 
   562       1212      6 -.306966E+00 0.918593E+00 0.386551E+03 0.386559E+03 0.215137E+01 0.135072E-01 -.106363E+01 0.411520E+03 0.411524E+03 
   563        121      6 -.614795E+00 -.112192E+00 0.157191E+03 0.157195E+03 0.980152E+00 0.647179E-01 -.183644E+01 0.151192E+03 0.151192E+03 
   564        774      6 0.376946E+00 -.845356E+00 0.356829E+03 0.356833E+03 0.136054E+01 0.114610E+01 -.378837E+01 0.940249E+03 0.940257E+03 
   565       -120      8 0.498970E+00 -.564415E+00 0.950419E+02 0.950449E+02 0.139570E+00 0.379753E+01 -.580250E+01 0.775142E+03 0.775162E+03 
   566       -120      8 -.106934E-01 0.721025E+00 0.150774E+03 0.150775E+03 0.139570E+00 0.222048E+00 0.748575E+00 0.634405E+03 0.634410E+03 
   567        231      6 -.913021E+00 0.395048E+00 0.237519E+03 0.237523E+03 0.871667E+00 -.338400E+00 -.154197E+01 0.256934E+03 0.256935E+03 
   568       1120      8 0.278364E-01 0.261523E-02 0.251000E+04 0.251000E+04 0.938270E+00 -.298400E+00 -.247755E+01 0.233624E+04 0.233624E+04 
   569       1120      8 0.665814E-01 0.240035E-01 0.250999E+04 0.250999E+04 0.938270E+00 -.389831E+00 -.308510E+01 0.206120E+04 0.206120E+04 
   570       1220      8 0.603289E-01 0.162396E+00 0.251000E+04 0.251000E+04 0.939650E+00 -.926932E+00 -.431688E+00 0.564277E+04 0.564277E+04 
   571       1120      8 0.345411E-01 -.948079E-02 -.251000E+04 0.251000E+04 0.938270E+00 0.863415E+00 0.944388E+00 -.198228E+04 0.198228E+04 
   572        121      6 0.339092E+00 -.210737E+00 -.138748E+03 0.138752E+03 0.103196E+01 0.171248E+01 -.150762E+01 -.214869E+02 0.214861E+02 
   573       1234      6 0.139849E+00 -.378837E+00 -.344419E+03 0.344423E+03 0.151526E+01 0.180357E+01 -.181555E+01 -.306010E+03 0.306013E+03 
   574      -1130      8 -.492557E-01 0.382058E-01 -.358985E+03 0.358987E+03 0.118937E+01 0.152595E+01 -.136745E+01 -.115535E+04 0.115535E+04 
   575       -213      6 0.102877E+01 -.107225E+01 -.437796E+03 0.437801E+03 0.159891E+01 0.209840E+01 -.192217E+01 -.186193E+03 0.186194E+03 
   576       -120      8 -.821789E-02 -.772283E-01 -.660728E+02 0.660730E+02 0.139570E+00 0.158299E+01 -.243085E+01 -.814952E+03 0.814953E+03 
   577        703      6 0.317467E+00 0.282302E+00 -.145090E+03 0.145091E+03 0.386128E+00 0.203552E+01 -.117608E+01 -.170524E+03 0.170524E+03 
   578        220      6 -.487562E-01 0.302700E+00 -.179029E+03 0.179030E+03 0.547860E+00 0.167814E+01 -.145816E+01 -.279730E+02 0.279721E+02 
   579        120      8 0.249212E+00 -.427552E+00 -.522490E+02 0.522516E+02 0.139570E+00 0.188121E+01 -.182916E+01 -.510139E+02 0.510149E+02 
   580        237      6 -.153671E+01 -.275587E+00 -.714628E+03 0.714631E+03 0.141901E+01 -.179680E+00 -.182348E+01 -.875791E+03 0.875794E+03 
   581        110      8 -.346365E+00 0.493653E-01 -.559756E+02 0.559769E+02 0.134970E+00 0.317460E+00 -.129475E+01 -.230205E+03 0.230209E+03 
   582       1120      8 0.113026E+00 0.340525E-01 -.251000E+04 0.251000E+04 0.938270E+00 0.233979E+01 -.260803E+00 -.565973E+04 0.565973E+04 
   583       1220      8 -.119776E+00 0.678253E-01 -.251000E+04 0.251000E+04 0.939650E+00 0.133540E+01 -.318608E+01 -.111310E+04 0.111310E+04 
   584       1220      8 -.442107E-01 0.216605E-01 -.251000E+04 0.251000E+04 0.939650E+00 0.203120E+01 -.691738E+00 -.186324E+04 0.186324E+04 
   585      -1220      8 -.467195E+00 -.375429E+00 0.950449E+02 0.950514E+02 0.939650E+00 -.408734E+00 -.717737E+00 0.176340E+03 0.176350E+03 
   586        220      6 -.285957E-01 0.981979E-01 0.481803E+01 0.485016E+01 0.547861E+00 0.420258E+00 0.108633E+00 0.637045E+01 0.641157E+01 
   587        231      6 0.418288E-01 0.932612E-01 0.901621E+01 0.905628E+01 0.844834E+00 0.488871E+00 0.474915E-01 0.664087E+01 0.667262E+01 
   588        330      6 -.589035E+00 0.211539E+00 0.112674E+02 0.113255E+02 0.959980E+00 -.683846E+00 0.388898E+00 0.218436E+02 0.219227E+02 
   589       -130      8 0.122891E+00 -.516964E+00 0.879587E+01 0.882572E+01 0.493680E+00 0.590589E+00 -.578684E+00 0.948592E+01 0.951676E+01 
   590       1131      6 -.211983E+00 0.912195E+00 -.142489E+02 0.143469E+02 0.138746E+01 0.217342E+00 0.101467E+01 -.161802E+02 0.162912E+02 
   591        110      8 0.428589E+00 -.141695E+00 0.115794E+02 0.115889E+02 0.134970E+00 0.235554E+01 -.601361E+00 0.516016E+02 0.516429E+02 
   592       -121      6 -.265446E-01 -.369385E+00 0.164014E+02 0.164276E+02 0.849499E+00 0.385583E+00 -.805419E+00 0.370981E+02 0.371476E+02 
   593      -2230      8 0.409762E+00 0.564389E-01 0.476555E+01 0.493107E+01 0.119744E+01 0.868660E+00 0.883407E-01 0.492046E+01 0.508999E+01 
   594       2130      8 -.136240E+00 0.283220E+00 0.710585E+00 0.135958E+01 0.111568E+01 -.434673E-01 0.104681E+01 0.255147E+01 0.487995E+01 
   595        110      8 0.262040E+00 0.246713E+00 -.487824E+00 0.621065E+00 0.134970E+00 0.450707E+01 0.385396E+01 -.756042E+01 0.962526E+01 
   596        111      6 -.246749E-01 0.249603E+00 -.151056E+01 0.170604E+01 0.752231E+00 0.431542E+00 0.172515E+00 -.861513E+00 0.101256E+01 
   597         20      8 0.114760E+00 -.374008E+00 0.156926E+03 0.156927E+03 0.497610E+00 0.117064E+03 -.382471E+03 0.159822E+06 0.159824E+06 
   598       2130      8 0.464089E+00 0.855085E+00 0.404787E+03 0.404789E+03 0.111568E+01 0.504818E+01 0.411693E+01 0.349461E+04 0.349463E+04 
   599        110      8 0.174836E+00 -.654542E-01 0.479964E+02 0.479969E+02 0.134970E+00 0.504818E+01 0.411693E+01 0.349461E+04 0.349463E+04 
   600         20      8 -.251944E+00 -.155338E+00 0.245377E+03 0.245378E+03 0.497610E+00 -.770669E+02 -.494772E+02 0.754126E+05 0.754128E+05 
   601       1111      6 0.457487E+00 0.404668E+00 0.188940E+03 0.188944E+03 0.116078E+01 -.424966E-01 -.896035E+00 0.482043E+03 0.482048E+03 
   602       -120      8 -.764453E+00 0.513925E+00 0.197612E+03 0.197614E+03 0.139570E+00 -.424966E-01 -.896035E+00 0.482043E+03 0.482048E+03 
   603        120      8 -.814807E+00 -.868055E-01 0.141311E+03 0.141313E+03 0.139570E+00 -.339490E+00 -.191020E+01 0.254540E+03 0.254543E+03 
   604        110      8 0.200012E+00 -.253865E-01 0.158795E+02 0.158813E+02 0.134970E+00 -.339490E+00 -.191020E+01 0.254540E+03 0.254543E+03 
   605        220      6 0.356179E+00 -.972017E+00 0.346937E+03 0.346939E+03 0.547860E+00 0.191814E+01 -.551978E+01 0.167109E+04 0.167110E+04 
   606        120      8 0.207671E-01 0.126661E+00 0.989211E+01 0.989394E+01 0.139570E+00 0.191814E+01 -.551978E+01 0.167109E+04 0.167110E+04 
   607       -120      8 0.291383E-01 0.583811E-01 0.587131E+02 0.587133E+02 0.139570E+00 -.431433E+01 0.178341E+00 0.129126E+04 0.129128E+04 
   608        130      8 -.942159E+00 0.336667E+00 0.178806E+03 0.178810E+03 0.493680E+00 -.431433E+01 0.178341E+00 0.129126E+04 0.129128E+04 
   609        120      8 0.548175E+00 -.365962E+00 -.585574E+02 0.585613E+02 0.139570E+00 0.187605E+01 -.160927E+01 -.884139E+02 0.884152E+02 
   610        110      8 -.209083E+00 0.155225E+00 -.801905E+02 0.801910E+02 0.134970E+00 0.187605E+01 -.160927E+01 -.884139E+02 0.884152E+02 
   611       1230      6 -.127539E+00 -.318552E+00 -.296402E+03 0.296404E+03 0.119260E+01 0.273685E+01 -.434369E+01 -.260447E+04 0.260450E+04 
   612        110      8 0.267388E+00 -.602846E-01 -.480175E+02 0.480184E+02 0.134970E+00 0.273685E+01 -.434369E+01 -.260447E+04 0.260450E+04 
   613        110      8 0.101713E+00 -.780223E-02 -.137398E+02 0.137408E+02 0.134970E+00 0.287507E+01 -.273167E+01 -.516710E+03 0.516715E+03 
   614        110      8 0.374533E-01 -.314294E+00 -.184392E+03 0.184392E+03 0.134970E+00 0.287507E+01 -.273167E+01 -.516710E+03 0.516715E+03 
   615       -121      6 0.889605E+00 -.750154E+00 -.239665E+03 0.239668E+03 0.712854E+00 0.287507E+01 -.273167E+01 -.516710E+03 0.516715E+03 
   616        110      8 0.106427E+00 0.227406E+00 -.518944E+02 0.518952E+02 0.134970E+00 0.849121E+01 0.456452E+01 -.312093E+04 0.312095E+04 
   617        110      8 0.211040E+00 0.548956E-01 -.931957E+02 0.931961E+02 0.134970E+00 0.849121E+01 0.456452E+01 -.312093E+04 0.312095E+04 
   618         10      8 -.186826E-01 0.435915E+00 -.963376E+02 0.963386E+02 0.000000E+00 -.587452E+04 0.364806E+05 -.215769E+08 0.215771E+08 
   619         10      8 -.300736E-01 -.133215E+00 -.826913E+02 0.826914E+02 0.000000E+00 -.587452E+04 0.364806E+05 -.215769E+08 0.215771E+08 
   620        130      8 -.358961E+00 0.143471E+00 -.180652E+03 0.180653E+03 0.493680E+00 -.173161E+01 -.210179E+01 -.159750E+04 0.159750E+04 
   621       -121      6 -.117775E+01 -.419058E+00 -.533976E+03 0.533978E+03 0.862853E+00 -.173161E+01 -.210179E+01 -.159750E+04 0.159750E+04 
   622       -120      8 -.156985E+00 0.538381E-01 0.182279E+01 0.183565E+01 0.139570E+00 -.789523E+04 0.271138E+05 0.133033E+07 0.133920E+07 
