# OSC1999A
# full_event_history
# EPOS      3.451  
# (208, 82)+(208, 82)  nncm  0.5020E+04         1
   690      0      1 0.154131E+02 0.329547E+01 
     1       1220      0 0.000000E+00 0.000000E+00 0.251000E+04 0.251000E+04 0.939650E+00 -.101966E+02 -.429853E+01 -.133143E-02 0.000000E+00 
     2       1220      0 0.000000E+00 0.000000E+00 0.251000E+04 0.251000E+04 0.939650E+00 -.667679E+01 -.111209E+01 -.782201E-03 0.000000E+00 
     3       1220      0 0.000000E+00 0.000000E+00 0.251000E+04 0.251000E+04 0.939650E+00 -.950351E+01 -.939794E+00 -.112615E-03 0.000000E+00 
     4       1220      0 0.000000E+00 0.000000E+00 0.251000E+04 0.251000E+04 0.939650E+00 -.364090E+01 0.463548E+01 0.238744E-03 0.000000E+00 
     5       1120      0 0.000000E+00 0.000000E+00 0.251000E+04 0.251000E+04 0.938270E+00 -.849927E+01 0.138034E+01 -.127604E-02 0.000000E+00 
     6       1120      1 0.000000E+00 0.000000E+00 0.251000E+04 0.251000E+04 0.938270E+00 -.679422E+00 0.711390E+00 0.832185E-03 0.000000E+00 
     7       1120      0 0.000000E+00 0.000000E+00 0.251000E+04 0.251000E+04 0.938270E+00 -.740053E+01 -.146662E+01 -.734554E-03 0.000000E+00 
     8       1220      0 0.000000E+00 0.000000E+00 0.251000E+04 0.251000E+04 0.939650E+00 -.675509E+01 -.105655E+01 -.925768E-03 0.000000E+00 
     9       1220      0 0.000000E+00 0.000000E+00 0.251000E+04 0.251000E+04 0.939650E+00 -.723713E+01 0.182322E+01 0.804493E-03 0.000000E+00 
    10       1220      0 0.000000E+00 0.000000E+00 0.251000E+04 0.251000E+04 0.939650E+00 -.123520E+02 -.392840E+01 0.169797E-02 0.000000E+00 
    11       1120      0 0.000000E+00 0.000000E+00 0.251000E+04 0.251000E+04 0.938270E+00 -.458782E+01 -.382785E+01 0.653823E-03 0.000000E+00 
    12       1220      0 0.000000E+00 0.000000E+00 0.251000E+04 0.251000E+04 0.939650E+00 -.101699E+02 -.441096E+01 -.195726E-02 0.000000E+00 
    13       1220      0 0.000000E+00 0.000000E+00 0.251000E+04 0.251000E+04 0.939650E+00 -.102867E+02 0.507574E+01 -.911771E-03 0.000000E+00 
    14       1220      0 0.000000E+00 0.000000E+00 0.251000E+04 0.251000E+04 0.939650E+00 -.505524E+01 -.242737E+01 -.242084E-02 0.000000E+00 
    15       1120      0 0.000000E+00 0.000000E+00 0.251000E+04 0.251000E+04 0.938270E+00 -.325963E+01 -.409079E+01 0.401875E-03 0.000000E+00 
    16       1220      0 0.000000E+00 0.000000E+00 0.251000E+04 0.251000E+04 0.939650E+00 -.923581E+01 -.111631E+01 0.132358E-04 0.000000E+00 
    17       1120      0 0.000000E+00 0.000000E+00 0.251000E+04 0.251000E+04 0.938270E+00 -.867934E+01 -.157571E+01 -.256676E-02 0.000000E+00 
    18       1120      0 0.000000E+00 0.000000E+00 0.251000E+04 0.251000E+04 0.938270E+00 -.113281E+02 -.127908E+00 -.115937E-02 0.000000E+00 
    19       1120      0 0.000000E+00 0.000000E+00 0.251000E+04 0.251000E+04 0.938270E+00 -.579648E+01 -.856325E+00 -.101253E-02 0.000000E+00 
    20       1220      0 0.000000E+00 0.000000E+00 0.251000E+04 0.251000E+04 0.939650E+00 -.347610E+01 -.485597E+01 0.706317E-03 0.000000E+00 
    21       1120      0 0.000000E+00 0.000000E+00 0.251000E+04 0.251000E+04 0.938270E+00 -.831384E+01 0.415276E+01 -.160314E-02 0.000000E+00 
    22       1120      0 0.000000E+00 0.000000E+00 0.251000E+04 0.251000E+04 0.938270E+00 -.502458E+01 -.184579E+01 -.228846E-02 0.000000E+00 
    23       1220      0 0.000000E+00 0.000000E+00 0.251000E+04 0.251000E+04 0.939650E+00 -.132883E+02 -.142810E+01 0.948578E-03 0.000000E+00 
    24       1220      0 0.000000E+00 0.000000E+00 0.251000E+04 0.251000E+04 0.939650E+00 -.313973E+01 -.530171E+01 -.114400E-02 0.000000E+00 
    25       1220      0 0.000000E+00 0.000000E+00 0.251000E+04 0.251000E+04 0.939650E+00 -.896369E+01 -.506970E+01 0.863595E-03 0.000000E+00 
    26       1120      0 0.000000E+00 0.000000E+00 0.251000E+04 0.251000E+04 0.938270E+00 -.395542E+01 -.428572E+01 -.149726E-02 0.000000E+00 
    27       1120      0 0.000000E+00 0.000000E+00 0.251000E+04 0.251000E+04 0.938270E+00 -.126550E+02 -.357433E+01 -.194656E-03 0.000000E+00 
    28       1220      0 0.000000E+00 0.000000E+00 0.251000E+04 0.251000E+04 0.939650E+00 -.688106E+01 0.184679E+01 -.110984E-02 0.000000E+00 
    29       1220      0 0.000000E+00 0.000000E+00 0.251000E+04 0.251000E+04 0.939650E+00 -.109524E+02 0.232594E+01 0.205428E-03 0.000000E+00 
    30       1120      0 0.000000E+00 0.000000E+00 0.251000E+04 0.251000E+04 0.938270E+00 -.136894E+02 0.118166E+01 0.194502E-02 0.000000E+00 
    31       1120      0 0.000000E+00 0.000000E+00 0.251000E+04 0.251000E+04 0.938270E+00 -.117274E+02 0.306576E+00 -.226806E-02 0.000000E+00 
    32       1120      0 0.000000E+00 0.000000E+00 0.251000E+04 0.251000E+04 0.938270E+00 -.124458E+02 -.201872E+01 0.539679E-03 0.000000E+00 
    33       1220      0 0.000000E+00 0.000000E+00 0.251000E+04 0.251000E+04 0.939650E+00 -.704690E+01 0.109628E+01 -.130487E-02 0.000000E+00 
    34       1120      0 0.000000E+00 0.000000E+00 0.251000E+04 0.251000E+04 0.938270E+00 -.115063E+02 -.988388E+00 -.760997E-03 0.000000E+00 
    35       1220      0 0.000000E+00 0.000000E+00 0.251000E+04 0.251000E+04 0.939650E+00 -.585048E+01 -.734776E+01 -.177154E-02 0.000000E+00 
    36       1220      0 0.000000E+00 0.000000E+00 0.251000E+04 0.251000E+04 0.939650E+00 -.366561E+01 -.208774E+01 0.257648E-03 0.000000E+00 
    37       1120      0 0.000000E+00 0.000000E+00 0.251000E+04 0.251000E+04 0.938270E+00 -.120740E+02 0.562665E+00 0.178975E-02 0.000000E+00 
    38       1220      0 0.000000E+00 0.000000E+00 0.251000E+04 0.251000E+04 0.939650E+00 -.441721E+01 -.775629E+00 -.124141E-02 0.000000E+00 
    39       1220      0 0.000000E+00 0.000000E+00 0.251000E+04 0.251000E+04 0.939650E+00 -.834632E+01 -.552238E+01 0.271484E-03 0.000000E+00 
    40       1120      0 0.000000E+00 0.000000E+00 0.251000E+04 0.251000E+04 0.938270E+00 -.518807E+01 -.144598E+01 -.117119E-02 0.000000E+00 
    41       1220      0 0.000000E+00 0.000000E+00 0.251000E+04 0.251000E+04 0.939650E+00 -.130342E+02 0.242154E+01 -.169137E-02 0.000000E+00 
    42       1220      0 0.000000E+00 0.000000E+00 0.251000E+04 0.251000E+04 0.939650E+00 -.282905E+01 -.232887E+01 0.202064E-02 0.000000E+00 
    43       1120      0 0.000000E+00 0.000000E+00 0.251000E+04 0.251000E+04 0.938270E+00 -.629248E+01 -.147932E+01 -.136281E-02 0.000000E+00 
    44       1220      0 0.000000E+00 0.000000E+00 0.251000E+04 0.251000E+04 0.939650E+00 -.137464E+02 0.856909E-01 0.792623E-03 0.000000E+00 
    45       1220      0 0.000000E+00 0.000000E+00 0.251000E+04 0.251000E+04 0.939650E+00 -.989844E+01 -.251477E+01 -.178893E-02 0.000000E+00 
    46       1120      0 0.000000E+00 0.000000E+00 0.251000E+04 0.251000E+04 0.938270E+00 -.834750E+01 0.924427E+00 -.159917E-02 0.000000E+00 
    47       1220      0 0.000000E+00 0.000000E+00 0.251000E+04 0.251000E+04 0.939650E+00 -.915552E+01 -.495267E+01 -.240595E-03 0.000000E+00 
    48       1220      0 0.000000E+00 0.000000E+00 0.251000E+04 0.251000E+04 0.939650E+00 -.512678E+01 -.839681E+00 -.118815E-02 0.000000E+00 
    49       1220      0 0.000000E+00 0.000000E+00 0.251000E+04 0.251000E+04 0.939650E+00 -.894694E+01 0.437257E+00 -.377052E-03 0.000000E+00 
    50       1120      0 0.000000E+00 0.000000E+00 0.251000E+04 0.251000E+04 0.938270E+00 -.479783E+01 -.212828E+01 -.160078E-02 0.000000E+00 
    51       1220      0 0.000000E+00 0.000000E+00 0.251000E+04 0.251000E+04 0.939650E+00 -.130126E+02 0.110990E+01 -.107980E-02 0.000000E+00 
    52       1120      0 0.000000E+00 0.000000E+00 0.251000E+04 0.251000E+04 0.938270E+00 -.965423E+01 -.904604E+00 -.774195E-03 0.000000E+00 
    53       1120      0 0.000000E+00 0.000000E+00 0.251000E+04 0.251000E+04 0.938270E+00 -.557767E+01 -.104957E+01 0.121449E-03 0.000000E+00 
    54       1220      0 0.000000E+00 0.000000E+00 0.251000E+04 0.251000E+04 0.939650E+00 -.230270E+01 0.317831E+00 -.588107E-03 0.000000E+00 
    55       1220      0 0.000000E+00 0.000000E+00 0.251000E+04 0.251000E+04 0.939650E+00 -.484367E+01 0.168452E+01 0.109573E-03 0.000000E+00 
    56       1220      0 0.000000E+00 0.000000E+00 0.251000E+04 0.251000E+04 0.939650E+00 -.974654E+01 -.117169E+01 0.208286E-02 0.000000E+00 
    57       1120      0 0.000000E+00 0.000000E+00 0.251000E+04 0.251000E+04 0.938270E+00 -.170741E+01 0.289029E+01 0.404496E-04 0.000000E+00 
    58       1220      0 0.000000E+00 0.000000E+00 0.251000E+04 0.251000E+04 0.939650E+00 -.115511E+02 0.257365E+00 0.293207E-03 0.000000E+00 
    59       1220      0 0.000000E+00 0.000000E+00 0.251000E+04 0.251000E+04 0.939650E+00 -.260245E+01 -.267041E+01 0.172188E-02 0.000000E+00 
    60       1220      0 0.000000E+00 0.000000E+00 0.251000E+04 0.251000E+04 0.939650E+00 -.124697E+02 0.130902E+01 -.870919E-03 0.000000E+00 
    61       1120      0 0.000000E+00 0.000000E+00 0.251000E+04 0.251000E+04 0.938270E+00 -.401183E+01 -.208179E+01 0.186240E-02 0.000000E+00 
    62       1120      0 0.000000E+00 0.000000E+00 0.251000E+04 0.251000E+04 0.938270E+00 -.777802E+01 0.363260E+01 -.139127E-03 0.000000E+00 
    63       1120      0 0.000000E+00 0.000000E+00 0.251000E+04 0.251000E+04 0.938270E+00 -.750812E+01 -.211263E+01 0.976754E-03 0.000000E+00 
    64       1120      0 0.000000E+00 0.000000E+00 0.251000E+04 0.251000E+04 0.938270E+00 -.874424E+01 -.479514E+01 0.466874E-03 0.000000E+00 
    65       1220      0 0.000000E+00 0.000000E+00 0.251000E+04 0.251000E+04 0.939650E+00 -.710420E+01 -.641416E+01 0.892684E-03 0.000000E+00 
    66       1220      0 0.000000E+00 0.000000E+00 0.251000E+04 0.251000E+04 0.939650E+00 -.921208E+01 -.365260E+01 0.117926E-02 0.000000E+00 
    67       1220      0 0.000000E+00 0.000000E+00 0.251000E+04 0.251000E+04 0.939650E+00 -.776699E+01 -.162261E+01 0.469452E-03 0.000000E+00 
    68       1120      0 0.000000E+00 0.000000E+00 0.251000E+04 0.251000E+04 0.938270E+00 -.126490E+02 -.981674E+00 0.147382E-02 0.000000E+00 
    69       1220      0 0.000000E+00 0.000000E+00 0.251000E+04 0.251000E+04 0.939650E+00 -.399731E+01 0.531344E+01 0.154994E-03 0.000000E+00 
    70       1120      0 0.000000E+00 0.000000E+00 0.251000E+04 0.251000E+04 0.938270E+00 -.150730E+02 -.298286E+01 -.598872E-03 0.000000E+00 
    71       1220      0 0.000000E+00 0.000000E+00 0.251000E+04 0.251000E+04 0.939650E+00 -.586785E+01 0.380679E+01 0.339679E-04 0.000000E+00 
    72       1220      0 0.000000E+00 0.000000E+00 0.251000E+04 0.251000E+04 0.939650E+00 -.969892E+01 0.205043E+01 0.165352E-02 0.000000E+00 
    73       1220      0 0.000000E+00 0.000000E+00 0.251000E+04 0.251000E+04 0.939650E+00 -.656734E+01 -.115005E+01 0.179070E-02 0.000000E+00 
    74       1220      0 0.000000E+00 0.000000E+00 0.251000E+04 0.251000E+04 0.939650E+00 -.394734E+01 -.755896E+00 -.194727E-02 0.000000E+00 
    75       1220      0 0.000000E+00 0.000000E+00 0.251000E+04 0.251000E+04 0.939650E+00 -.737085E+01 -.547529E+01 -.911852E-03 0.000000E+00 
    76       1220      0 0.000000E+00 0.000000E+00 0.251000E+04 0.251000E+04 0.939650E+00 -.939195E+01 -.620176E+01 -.438609E-03 0.000000E+00 
    77       1220      0 0.000000E+00 0.000000E+00 0.251000E+04 0.251000E+04 0.939650E+00 -.680868E+01 -.270893E+01 -.774282E-04 0.000000E+00 
    78       1220      0 0.000000E+00 0.000000E+00 0.251000E+04 0.251000E+04 0.939650E+00 -.560556E+01 -.177260E+01 -.188809E-02 0.000000E+00 
    79       1220      0 0.000000E+00 0.000000E+00 0.251000E+04 0.251000E+04 0.939650E+00 -.441048E+01 0.275836E+01 -.378218E-03 0.000000E+00 
    80       1220      0 0.000000E+00 0.000000E+00 0.251000E+04 0.251000E+04 0.939650E+00 -.117198E+02 -.412493E+01 0.646563E-03 0.000000E+00 
    81       1120      0 0.000000E+00 0.000000E+00 0.251000E+04 0.251000E+04 0.938270E+00 -.875346E+01 0.420004E+01 -.778922E-03 0.000000E+00 
    82       1120      0 0.000000E+00 0.000000E+00 0.251000E+04 0.251000E+04 0.938270E+00 -.560110E+01 -.383266E+01 -.320794E-03 0.000000E+00 
    83       1120      0 0.000000E+00 0.000000E+00 0.251000E+04 0.251000E+04 0.938270E+00 -.500616E+01 -.554049E+01 -.133747E-02 0.000000E+00 
    84       1220      0 0.000000E+00 0.000000E+00 0.251000E+04 0.251000E+04 0.939650E+00 -.532768E+01 -.481572E+01 0.108914E-03 0.000000E+00 
    85       1220      0 0.000000E+00 0.000000E+00 0.251000E+04 0.251000E+04 0.939650E+00 -.118100E+02 -.224436E+01 0.533314E-03 0.000000E+00 
    86       1220      0 0.000000E+00 0.000000E+00 0.251000E+04 0.251000E+04 0.939650E+00 -.776362E+01 0.107614E+01 0.663840E-03 0.000000E+00 
    87       1220      0 0.000000E+00 0.000000E+00 0.251000E+04 0.251000E+04 0.939650E+00 -.103020E+02 0.359122E+00 0.187990E-02 0.000000E+00 
    88       1120      0 0.000000E+00 0.000000E+00 0.251000E+04 0.251000E+04 0.938270E+00 -.591468E+01 -.478724E+01 0.202088E-02 0.000000E+00 
    89       1120      0 0.000000E+00 0.000000E+00 0.251000E+04 0.251000E+04 0.938270E+00 -.744502E+01 0.513365E+01 0.146695E-02 0.000000E+00 
    90       1120      0 0.000000E+00 0.000000E+00 0.251000E+04 0.251000E+04 0.938270E+00 -.105148E+02 -.882656E+00 0.187520E-02 0.000000E+00 
    91       1120      0 0.000000E+00 0.000000E+00 0.251000E+04 0.251000E+04 0.938270E+00 -.120929E+02 -.547828E+01 0.124621E-02 0.000000E+00 
    92       1220      0 0.000000E+00 0.000000E+00 0.251000E+04 0.251000E+04 0.939650E+00 -.780264E+01 0.709933E+00 0.144409E-02 0.000000E+00 
    93       1120      0 0.000000E+00 0.000000E+00 0.251000E+04 0.251000E+04 0.938270E+00 -.399329E+01 -.211039E+01 0.107776E-02 0.000000E+00 
    94       1220      0 0.000000E+00 0.000000E+00 0.251000E+04 0.251000E+04 0.939650E+00 -.126706E+02 0.437941E+01 -.545038E-03 0.000000E+00 
    95       1220      0 0.000000E+00 0.000000E+00 0.251000E+04 0.251000E+04 0.939650E+00 -.133588E+02 -.361754E+01 0.179322E-03 0.000000E+00 
    96       1220      0 0.000000E+00 0.000000E+00 0.251000E+04 0.251000E+04 0.939650E+00 -.874122E+01 0.127201E+01 -.591831E-03 0.000000E+00 
    97       1120      0 0.000000E+00 0.000000E+00 0.251000E+04 0.251000E+04 0.938270E+00 -.154447E+01 0.768542E-02 -.214268E-04 0.000000E+00 
    98       1220      0 0.000000E+00 0.000000E+00 0.251000E+04 0.251000E+04 0.939650E+00 -.599436E+01 -.408724E+01 -.324728E-03 0.000000E+00 
    99       1220      0 0.000000E+00 0.000000E+00 0.251000E+04 0.251000E+04 0.939650E+00 -.827266E+01 0.670920E+00 -.449807E-03 0.000000E+00 
   100       1120      0 0.000000E+00 0.000000E+00 0.251000E+04 0.251000E+04 0.938270E+00 -.782429E+01 0.185510E+01 -.873495E-03 0.000000E+00 
   101       1120      0 0.000000E+00 0.000000E+00 0.251000E+04 0.251000E+04 0.938270E+00 -.241628E+01 -.369042E+01 -.151830E-02 0.000000E+00 
   102       1220      0 0.000000E+00 0.000000E+00 0.251000E+04 0.251000E+04 0.939650E+00 -.446584E+01 -.320806E+01 0.255209E-02 0.000000E+00 
   103       1220      0 0.000000E+00 0.000000E+00 0.251000E+04 0.251000E+04 0.939650E+00 -.780459E+01 -.634732E+00 0.529610E-03 0.000000E+00 
   104       1220      0 0.000000E+00 0.000000E+00 0.251000E+04 0.251000E+04 0.939650E+00 -.101766E+02 -.703122E+01 0.798560E-03 0.000000E+00 
   105       1220      0 0.000000E+00 0.000000E+00 0.251000E+04 0.251000E+04 0.939650E+00 -.104527E+02 -.186057E+01 -.523285E-03 0.000000E+00 
   106       1220      0 0.000000E+00 0.000000E+00 0.251000E+04 0.251000E+04 0.939650E+00 -.226546E+01 -.808382E+00 -.128216E-02 0.000000E+00 
   107       1220      0 0.000000E+00 0.000000E+00 0.251000E+04 0.251000E+04 0.939650E+00 -.107008E+02 -.413928E+01 0.155818E-02 0.000000E+00 
   108       1120      0 0.000000E+00 0.000000E+00 0.251000E+04 0.251000E+04 0.938270E+00 -.848306E+01 -.394111E+01 0.119260E-02 0.000000E+00 
   109       1220      0 0.000000E+00 0.000000E+00 0.251000E+04 0.251000E+04 0.939650E+00 -.801073E+01 -.680645E+01 -.698379E-03 0.000000E+00 
   110       1220      0 0.000000E+00 0.000000E+00 0.251000E+04 0.251000E+04 0.939650E+00 -.963913E+01 -.683613E+00 0.222337E-02 0.000000E+00 
   111       1120      0 0.000000E+00 0.000000E+00 0.251000E+04 0.251000E+04 0.938270E+00 -.968125E+01 -.420450E+01 0.962053E-03 0.000000E+00 
   112       1120      0 0.000000E+00 0.000000E+00 0.251000E+04 0.251000E+04 0.938270E+00 -.113797E+02 -.452882E+01 -.162720E-02 0.000000E+00 
   113       1120      0 0.000000E+00 0.000000E+00 0.251000E+04 0.251000E+04 0.938270E+00 -.626471E+01 -.213918E+01 -.445168E-03 0.000000E+00 
   114       1220      0 0.000000E+00 0.000000E+00 0.251000E+04 0.251000E+04 0.939650E+00 -.122649E+02 -.457589E+01 0.186706E-02 0.000000E+00 
   115       1120      0 0.000000E+00 0.000000E+00 0.251000E+04 0.251000E+04 0.938270E+00 -.125293E+02 -.103549E+01 -.199711E-03 0.000000E+00 
   116       1220      0 0.000000E+00 0.000000E+00 0.251000E+04 0.251000E+04 0.939650E+00 -.780404E+01 0.391111E+01 -.367141E-03 0.000000E+00 
   117       1220      0 0.000000E+00 0.000000E+00 0.251000E+04 0.251000E+04 0.939650E+00 -.753136E+01 -.675902E+01 0.416211E-03 0.000000E+00 
   118       1220      0 0.000000E+00 0.000000E+00 0.251000E+04 0.251000E+04 0.939650E+00 -.104365E+02 -.392302E+01 0.592551E-03 0.000000E+00 
   119       1120      0 0.000000E+00 0.000000E+00 0.251000E+04 0.251000E+04 0.938270E+00 -.310891E+01 0.151709E+01 -.378287E-03 0.000000E+00 
   120       1220      0 0.000000E+00 0.000000E+00 0.251000E+04 0.251000E+04 0.939650E+00 -.260805E+01 -.493989E+01 0.439621E-04 0.000000E+00 
   121       1120      0 0.000000E+00 0.000000E+00 0.251000E+04 0.251000E+04 0.938270E+00 -.581939E+01 -.499954E+01 0.149815E-02 0.000000E+00 
   122       1220      0 0.000000E+00 0.000000E+00 0.251000E+04 0.251000E+04 0.939650E+00 -.522199E+01 -.231798E+01 -.428163E-03 0.000000E+00 
   123       1220      0 0.000000E+00 0.000000E+00 0.251000E+04 0.251000E+04 0.939650E+00 -.453665E+01 -.568277E+01 0.652332E-03 0.000000E+00 
   124       1120      0 0.000000E+00 0.000000E+00 0.251000E+04 0.251000E+04 0.938270E+00 -.393324E+01 0.374483E+01 0.120962E-03 0.000000E+00 
   125       1220      0 0.000000E+00 0.000000E+00 0.251000E+04 0.251000E+04 0.939650E+00 -.124497E+02 -.553802E+01 0.425875E-03 0.000000E+00 
   126       1120      0 0.000000E+00 0.000000E+00 0.251000E+04 0.251000E+04 0.938270E+00 -.112327E+02 0.449488E+00 -.114992E-02 0.000000E+00 
   127       1120      0 0.000000E+00 0.000000E+00 0.251000E+04 0.251000E+04 0.938270E+00 -.648253E+01 0.843293E+00 -.220378E-02 0.000000E+00 
   128       1220      0 0.000000E+00 0.000000E+00 0.251000E+04 0.251000E+04 0.939650E+00 -.324575E+01 -.512559E+00 0.104617E-02 0.000000E+00 
   129       1120      0 0.000000E+00 0.000000E+00 0.251000E+04 0.251000E+04 0.938270E+00 -.103798E+02 -.632038E+01 0.128859E-03 0.000000E+00 
   130       1220      0 0.000000E+00 0.000000E+00 0.251000E+04 0.251000E+04 0.939650E+00 -.134364E+02 -.293578E+01 -.376324E-03 0.000000E+00 
   131       1220      0 0.000000E+00 0.000000E+00 0.251000E+04 0.251000E+04 0.939650E+00 -.922315E+01 -.562638E+01 -.473214E-03 0.000000E+00 
   132       1220      0 0.000000E+00 0.000000E+00 0.251000E+04 0.251000E+04 0.939650E+00 -.503167E+01 -.155812E+01 -.212185E-03 0.000000E+00 
   133       1220      0 0.000000E+00 0.000000E+00 0.251000E+04 0.251000E+04 0.939650E+00 -.759694E+01 -.543263E+01 0.115899E-02 0.000000E+00 
   134       1220      0 0.000000E+00 0.000000E+00 0.251000E+04 0.251000E+04 0.939650E+00 -.125319E+02 -.236536E+01 -.293347E-03 0.000000E+00 
   135       1120      0 0.000000E+00 0.000000E+00 0.251000E+04 0.251000E+04 0.938270E+00 -.803850E+01 -.257077E+01 -.115318E-03 0.000000E+00 
   136       1220      0 0.000000E+00 0.000000E+00 0.251000E+04 0.251000E+04 0.939650E+00 -.111736E+02 -.476201E+01 -.133943E-02 0.000000E+00 
   137       1220      0 0.000000E+00 0.000000E+00 0.251000E+04 0.251000E+04 0.939650E+00 -.104123E+02 -.426911E+01 0.135834E-02 0.000000E+00 
   138       1120      0 0.000000E+00 0.000000E+00 0.251000E+04 0.251000E+04 0.938270E+00 -.930260E+01 -.138393E+01 -.217805E-02 0.000000E+00 
   139       1120      0 0.000000E+00 0.000000E+00 0.251000E+04 0.251000E+04 0.938270E+00 -.235182E+01 -.203577E+01 -.106057E-03 0.000000E+00 
   140       1120      0 0.000000E+00 0.000000E+00 0.251000E+04 0.251000E+04 0.938270E+00 -.323271E+01 -.521736E+00 -.117592E-02 0.000000E+00 
   141       1220      0 0.000000E+00 0.000000E+00 0.251000E+04 0.251000E+04 0.939650E+00 -.106746E+02 0.235326E+01 -.219480E-03 0.000000E+00 
   142       1220      0 0.000000E+00 0.000000E+00 0.251000E+04 0.251000E+04 0.939650E+00 -.810009E+01 0.358319E+01 0.468108E-03 0.000000E+00 
   143       1120      0 0.000000E+00 0.000000E+00 0.251000E+04 0.251000E+04 0.938270E+00 -.118320E+02 0.332972E+01 -.623784E-03 0.000000E+00 
   144       1220      0 0.000000E+00 0.000000E+00 0.251000E+04 0.251000E+04 0.939650E+00 -.975240E+01 -.480523E+01 0.875413E-03 0.000000E+00 
   145       1220      0 0.000000E+00 0.000000E+00 0.251000E+04 0.251000E+04 0.939650E+00 -.127030E+02 0.337781E+01 -.794751E-03 0.000000E+00 
   146       1220      0 0.000000E+00 0.000000E+00 0.251000E+04 0.251000E+04 0.939650E+00 -.101441E+02 0.586680E+00 -.274418E-03 0.000000E+00 
   147       1120      0 0.000000E+00 0.000000E+00 0.251000E+04 0.251000E+04 0.938270E+00 -.309666E+01 0.462485E+00 -.204991E-02 0.000000E+00 
   148       1220      0 0.000000E+00 0.000000E+00 0.251000E+04 0.251000E+04 0.939650E+00 -.283670E+01 -.125641E+00 -.538581E-03 0.000000E+00 
   149       1120      0 0.000000E+00 0.000000E+00 0.251000E+04 0.251000E+04 0.938270E+00 -.111912E+02 -.182994E+01 -.181913E-03 0.000000E+00 
   150       1120      0 0.000000E+00 0.000000E+00 0.251000E+04 0.251000E+04 0.938270E+00 -.491983E+01 0.410921E+01 -.600869E-03 0.000000E+00 
   151       1220      0 0.000000E+00 0.000000E+00 0.251000E+04 0.251000E+04 0.939650E+00 -.105696E+02 -.336795E+00 0.120813E-02 0.000000E+00 
   152       1220      0 0.000000E+00 0.000000E+00 0.251000E+04 0.251000E+04 0.939650E+00 -.110658E+02 -.499717E+01 0.447188E-03 0.000000E+00 
   153       1220      0 0.000000E+00 0.000000E+00 0.251000E+04 0.251000E+04 0.939650E+00 -.509922E+01 0.131320E+00 0.239589E-02 0.000000E+00 
   154       1120      0 0.000000E+00 0.000000E+00 0.251000E+04 0.251000E+04 0.938270E+00 -.399861E+01 0.158223E+01 0.119461E-02 0.000000E+00 
   155       1220      0 0.000000E+00 0.000000E+00 0.251000E+04 0.251000E+04 0.939650E+00 -.727437E+01 0.480938E+01 0.990942E-03 0.000000E+00 
   156       1220      0 0.000000E+00 0.000000E+00 0.251000E+04 0.251000E+04 0.939650E+00 -.630106E+01 0.195349E+01 0.425311E-04 0.000000E+00 
   157       1220      0 0.000000E+00 0.000000E+00 0.251000E+04 0.251000E+04 0.939650E+00 -.114808E+02 0.166961E+01 0.137243E-02 0.000000E+00 
   158       1120      0 0.000000E+00 0.000000E+00 0.251000E+04 0.251000E+04 0.938270E+00 -.842180E+01 -.463134E+01 0.187777E-02 0.000000E+00 
   159       1220      1 0.000000E+00 0.000000E+00 0.251000E+04 0.251000E+04 0.939650E+00 -.129572E+01 0.179957E+00 -.199737E-02 0.000000E+00 
   160       1220      0 0.000000E+00 0.000000E+00 0.251000E+04 0.251000E+04 0.939650E+00 -.112476E+02 -.421967E+01 -.175745E-02 0.000000E+00 
   161       1220      0 0.000000E+00 0.000000E+00 0.251000E+04 0.251000E+04 0.939650E+00 -.816733E+01 0.305272E+01 -.397951E-03 0.000000E+00 
   162       1220      0 0.000000E+00 0.000000E+00 0.251000E+04 0.251000E+04 0.939650E+00 -.105216E+02 0.228383E+00 0.188882E-04 0.000000E+00 
   163       1120      0 0.000000E+00 0.000000E+00 0.251000E+04 0.251000E+04 0.938270E+00 -.621809E+01 -.277095E+01 0.101642E-02 0.000000E+00 
   164       1120      0 0.000000E+00 0.000000E+00 0.251000E+04 0.251000E+04 0.938270E+00 -.101819E+02 0.229668E+01 0.117829E-02 0.000000E+00 
   165       1220      0 0.000000E+00 0.000000E+00 0.251000E+04 0.251000E+04 0.939650E+00 -.789977E+01 0.576126E+01 0.587351E-03 0.000000E+00 
   166       1220      0 0.000000E+00 0.000000E+00 0.251000E+04 0.251000E+04 0.939650E+00 -.115633E+02 -.571059E+00 0.703885E-03 0.000000E+00 
   167       1120      0 0.000000E+00 0.000000E+00 0.251000E+04 0.251000E+04 0.938270E+00 -.999044E+01 0.765399E+00 0.177124E-02 0.000000E+00 
   168       1220      0 0.000000E+00 0.000000E+00 0.251000E+04 0.251000E+04 0.939650E+00 -.949147E+01 0.171311E+01 -.135597E-02 0.000000E+00 
   169       1220      0 0.000000E+00 0.000000E+00 0.251000E+04 0.251000E+04 0.939650E+00 -.875390E+01 -.111845E+01 0.151532E-02 0.000000E+00 
   170       1220      1 0.000000E+00 0.000000E+00 0.251000E+04 0.251000E+04 0.939650E+00 -.823150E+00 -.701044E+00 -.499167E-03 0.000000E+00 
   171       1120      0 0.000000E+00 0.000000E+00 0.251000E+04 0.251000E+04 0.938270E+00 -.174059E+01 -.472959E+01 0.516602E-04 0.000000E+00 
   172       1220      0 0.000000E+00 0.000000E+00 0.251000E+04 0.251000E+04 0.939650E+00 -.375106E+01 0.477200E+00 -.880063E-03 0.000000E+00 
   173       1220      0 0.000000E+00 0.000000E+00 0.251000E+04 0.251000E+04 0.939650E+00 -.661483E+01 0.155816E+01 0.135200E-03 0.000000E+00 
   174       1120      0 0.000000E+00 0.000000E+00 0.251000E+04 0.251000E+04 0.938270E+00 -.125652E+02 -.358072E+01 0.890030E-03 0.000000E+00 
   175       1220      0 0.000000E+00 0.000000E+00 0.251000E+04 0.251000E+04 0.939650E+00 -.134725E+02 -.439462E+01 0.141747E-02 0.000000E+00 
   176       1120      0 0.000000E+00 0.000000E+00 0.251000E+04 0.251000E+04 0.938270E+00 -.394327E+01 -.102325E+01 0.153188E-02 0.000000E+00 
   177       1120      0 0.000000E+00 0.000000E+00 0.251000E+04 0.251000E+04 0.938270E+00 -.169368E+01 -.321902E+00 -.904956E-03 0.000000E+00 
   178       1220      0 0.000000E+00 0.000000E+00 0.251000E+04 0.251000E+04 0.939650E+00 -.145511E+02 -.544078E+00 0.553554E-03 0.000000E+00 
   179       1220      0 0.000000E+00 0.000000E+00 0.251000E+04 0.251000E+04 0.939650E+00 -.719960E+01 -.617549E+01 -.810859E-03 0.000000E+00 
   180       1220      0 0.000000E+00 0.000000E+00 0.251000E+04 0.251000E+04 0.939650E+00 -.628756E+01 -.718595E+01 0.849370E-04 0.000000E+00 
   181       1120      0 0.000000E+00 0.000000E+00 0.251000E+04 0.251000E+04 0.938270E+00 -.843128E+01 -.129835E+01 -.185714E-02 0.000000E+00 
   182       1120      1 0.000000E+00 0.000000E+00 0.251000E+04 0.251000E+04 0.938270E+00 -.132248E+01 0.262870E+00 -.821812E-03 0.000000E+00 
   183       1220      0 0.000000E+00 0.000000E+00 0.251000E+04 0.251000E+04 0.939650E+00 -.500934E+01 -.429375E+01 -.257514E-03 0.000000E+00 
   184       1120      0 0.000000E+00 0.000000E+00 0.251000E+04 0.251000E+04 0.938270E+00 -.621060E+01 -.348945E+01 0.170603E-02 0.000000E+00 
   185       1220      0 0.000000E+00 0.000000E+00 0.251000E+04 0.251000E+04 0.939650E+00 -.856204E+01 0.214855E+01 0.405411E-03 0.000000E+00 
   186       1120      0 0.000000E+00 0.000000E+00 0.251000E+04 0.251000E+04 0.938270E+00 -.415877E+01 -.100213E+01 -.206584E-03 0.000000E+00 
   187       1220      0 0.000000E+00 0.000000E+00 0.251000E+04 0.251000E+04 0.939650E+00 -.847850E+01 -.417680E+01 -.117843E-02 0.000000E+00 
   188       1220      0 0.000000E+00 0.000000E+00 0.251000E+04 0.251000E+04 0.939650E+00 -.674549E+01 0.471291E+01 0.535092E-04 0.000000E+00 
   189       1220      0 0.000000E+00 0.000000E+00 0.251000E+04 0.251000E+04 0.939650E+00 -.279652E+01 -.272818E+00 0.434444E-03 0.000000E+00 
   190       1220      0 0.000000E+00 0.000000E+00 0.251000E+04 0.251000E+04 0.939650E+00 -.112094E+02 -.223429E+01 -.145063E-02 0.000000E+00 
   191       1220      0 0.000000E+00 0.000000E+00 0.251000E+04 0.251000E+04 0.939650E+00 -.114263E+02 -.204875E+00 0.306525E-03 0.000000E+00 
   192       1120      0 0.000000E+00 0.000000E+00 0.251000E+04 0.251000E+04 0.938270E+00 -.434865E+01 0.248767E+01 -.148587E-02 0.000000E+00 
   193       1220      0 0.000000E+00 0.000000E+00 0.251000E+04 0.251000E+04 0.939650E+00 -.694659E+01 -.596328E+01 -.956305E-03 0.000000E+00 
   194       1120      0 0.000000E+00 0.000000E+00 0.251000E+04 0.251000E+04 0.938270E+00 -.552154E+01 -.720616E+00 0.150643E-02 0.000000E+00 
   195       1120      0 0.000000E+00 0.000000E+00 0.251000E+04 0.251000E+04 0.938270E+00 -.662999E+01 -.982723E+00 -.212018E-02 0.000000E+00 
   196       1220      0 0.000000E+00 0.000000E+00 0.251000E+04 0.251000E+04 0.939650E+00 -.119626E+02 0.568053E+01 -.588869E-03 0.000000E+00 
   197       1120      0 0.000000E+00 0.000000E+00 0.251000E+04 0.251000E+04 0.938270E+00 -.654238E+01 -.773387E+00 0.534948E-03 0.000000E+00 
   198       1220      0 0.000000E+00 0.000000E+00 0.251000E+04 0.251000E+04 0.939650E+00 -.412198E+01 -.116053E+01 0.829905E-03 0.000000E+00 
   199       1220      0 0.000000E+00 0.000000E+00 0.251000E+04 0.251000E+04 0.939650E+00 -.622949E+01 0.293749E+01 -.125234E-02 0.000000E+00 
   200       1120      0 0.000000E+00 0.000000E+00 0.251000E+04 0.251000E+04 0.938270E+00 -.242927E+01 -.213269E+01 -.211916E-02 0.000000E+00 
   201       1120      0 0.000000E+00 0.000000E+00 0.251000E+04 0.251000E+04 0.938270E+00 -.325182E+01 0.387207E+01 0.754242E-04 0.000000E+00 
   202       1220      0 0.000000E+00 0.000000E+00 0.251000E+04 0.251000E+04 0.939650E+00 -.176531E+01 -.815643E-01 -.673882E-03 0.000000E+00 
   203       1120      0 0.000000E+00 0.000000E+00 0.251000E+04 0.251000E+04 0.938270E+00 -.595708E+01 0.129347E+01 0.175566E-02 0.000000E+00 
   204       1220      0 0.000000E+00 0.000000E+00 0.251000E+04 0.251000E+04 0.939650E+00 -.660984E+01 -.719201E+01 -.884552E-03 0.000000E+00 
   205       1220      0 0.000000E+00 0.000000E+00 0.251000E+04 0.251000E+04 0.939650E+00 -.100070E+02 0.686413E+00 0.239833E-02 0.000000E+00 
   206       1120      0 0.000000E+00 0.000000E+00 0.251000E+04 0.251000E+04 0.938270E+00 -.913335E+01 0.368410E+01 -.294287E-03 0.000000E+00 
   207       1120      0 0.000000E+00 0.000000E+00 0.251000E+04 0.251000E+04 0.938270E+00 -.589886E+01 -.313733E+01 0.230122E-02 0.000000E+00 
   208       1220      0 0.000000E+00 0.000000E+00 0.251000E+04 0.251000E+04 0.939650E+00 -.122922E+02 0.298388E+01 0.536013E-03 0.000000E+00 
   209       1220      0 0.000000E+00 0.000000E+00 -.251000E+04 0.251000E+04 0.939650E+00 0.904160E+01 -.271662E+01 0.511066E-03 0.000000E+00 
   210       1120      0 0.000000E+00 0.000000E+00 -.251000E+04 0.251000E+04 0.938270E+00 0.128875E+02 0.261269E+01 0.158308E-03 0.000000E+00 
   211       1120      0 0.000000E+00 0.000000E+00 -.251000E+04 0.251000E+04 0.938270E+00 0.110468E+02 0.339267E+01 -.168968E-02 0.000000E+00 
   212       1220      0 0.000000E+00 0.000000E+00 -.251000E+04 0.251000E+04 0.939650E+00 0.141510E+02 -.205970E+01 -.530344E-04 0.000000E+00 
   213       1220      0 0.000000E+00 0.000000E+00 -.251000E+04 0.251000E+04 0.939650E+00 0.974512E+01 0.303494E+01 0.187508E-02 0.000000E+00 
   214       1120      0 0.000000E+00 0.000000E+00 -.251000E+04 0.251000E+04 0.938270E+00 0.118283E+02 0.446041E+01 0.212179E-02 0.000000E+00 
   215       1120      0 0.000000E+00 0.000000E+00 -.251000E+04 0.251000E+04 0.938270E+00 0.263756E+01 0.198223E+01 0.132090E-02 0.000000E+00 
   216       1220      0 0.000000E+00 0.000000E+00 -.251000E+04 0.251000E+04 0.939650E+00 0.100728E+02 0.442957E+01 0.736969E-03 0.000000E+00 
   217       1220      0 0.000000E+00 0.000000E+00 -.251000E+04 0.251000E+04 0.939650E+00 0.546171E+01 0.519072E+01 0.154846E-02 0.000000E+00 
   218       1220      0 0.000000E+00 0.000000E+00 -.251000E+04 0.251000E+04 0.939650E+00 0.783551E+01 -.379817E+01 0.214635E-03 0.000000E+00 
   219       1120      0 0.000000E+00 0.000000E+00 -.251000E+04 0.251000E+04 0.938270E+00 0.113770E+02 0.843722E+01 0.168517E-03 0.000000E+00 
   220       1220      0 0.000000E+00 0.000000E+00 -.251000E+04 0.251000E+04 0.939650E+00 0.542797E+01 0.679037E+01 -.133198E-03 0.000000E+00 
   221       1220      0 0.000000E+00 0.000000E+00 -.251000E+04 0.251000E+04 0.939650E+00 0.371683E+01 0.145847E+01 0.377130E-03 0.000000E+00 
   222       1220      0 0.000000E+00 0.000000E+00 -.251000E+04 0.251000E+04 0.939650E+00 0.129353E+02 0.156242E+01 0.137678E-04 0.000000E+00 
   223       1220      0 0.000000E+00 0.000000E+00 -.251000E+04 0.251000E+04 0.939650E+00 0.776466E+01 -.413439E+01 -.155536E-03 0.000000E+00 
   224       1120      0 0.000000E+00 0.000000E+00 -.251000E+04 0.251000E+04 0.938270E+00 0.696541E+01 0.339358E+01 0.185701E-02 0.000000E+00 
   225       1220      0 0.000000E+00 0.000000E+00 -.251000E+04 0.251000E+04 0.939650E+00 0.863061E+01 -.347182E+01 -.695432E-03 0.000000E+00 
   226       1120      0 0.000000E+00 0.000000E+00 -.251000E+04 0.251000E+04 0.938270E+00 0.590510E+01 0.661713E+01 -.111376E-02 0.000000E+00 
   227       1220      0 0.000000E+00 0.000000E+00 -.251000E+04 0.251000E+04 0.939650E+00 0.997015E+01 0.371678E+01 0.930733E-03 0.000000E+00 
   228       1120      0 0.000000E+00 0.000000E+00 -.251000E+04 0.251000E+04 0.938270E+00 0.740601E+01 0.406180E+01 -.199334E-02 0.000000E+00 
   229       1120      0 0.000000E+00 0.000000E+00 -.251000E+04 0.251000E+04 0.938270E+00 0.737668E+01 -.780498E+00 -.125702E-02 0.000000E+00 
   230       1220      0 0.000000E+00 0.000000E+00 -.251000E+04 0.251000E+04 0.939650E+00 0.632009E+01 -.763596E+00 -.963038E-04 0.000000E+00 
   231       1220      0 0.000000E+00 0.000000E+00 -.251000E+04 0.251000E+04 0.939650E+00 0.567913E+01 0.287452E+01 0.180103E-02 0.000000E+00 
   232       1220      0 0.000000E+00 0.000000E+00 -.251000E+04 0.251000E+04 0.939650E+00 0.120399E+02 0.503756E+00 -.272507E-03 0.000000E+00 
   233       1120      0 0.000000E+00 0.000000E+00 -.251000E+04 0.251000E+04 0.938270E+00 0.606574E+01 0.128816E+01 0.737148E-03 0.000000E+00 
   234       1220      0 0.000000E+00 0.000000E+00 -.251000E+04 0.251000E+04 0.939650E+00 0.247259E+01 -.292217E+01 0.114704E-03 0.000000E+00 
   235       1120      0 0.000000E+00 0.000000E+00 -.251000E+04 0.251000E+04 0.938270E+00 0.766577E+01 0.397548E+01 -.142100E-02 0.000000E+00 
   236       1220      0 0.000000E+00 0.000000E+00 -.251000E+04 0.251000E+04 0.939650E+00 0.829812E+01 -.225622E+01 0.441014E-03 0.000000E+00 
   237       1220      0 0.000000E+00 0.000000E+00 -.251000E+04 0.251000E+04 0.939650E+00 0.861648E+01 -.340275E+01 0.157895E-02 0.000000E+00 
   238       1220      0 0.000000E+00 0.000000E+00 -.251000E+04 0.251000E+04 0.939650E+00 0.645256E+01 0.648940E+00 0.255793E-02 0.000000E+00 
   239       1120      0 0.000000E+00 0.000000E+00 -.251000E+04 0.251000E+04 0.938270E+00 0.863347E+01 -.810392E+00 -.758804E-03 0.000000E+00 
   240       1120      0 0.000000E+00 0.000000E+00 -.251000E+04 0.251000E+04 0.938270E+00 0.355216E+01 0.511761E+01 0.139173E-02 0.000000E+00 
   241       1120      0 0.000000E+00 0.000000E+00 -.251000E+04 0.251000E+04 0.938270E+00 0.102153E+02 -.137464E+01 0.150882E-02 0.000000E+00 
   242       1220      0 0.000000E+00 0.000000E+00 -.251000E+04 0.251000E+04 0.939650E+00 0.107840E+02 0.602076E+01 0.988724E-03 0.000000E+00 
   243       1220      0 0.000000E+00 0.000000E+00 -.251000E+04 0.251000E+04 0.939650E+00 0.296112E+01 0.266978E+01 -.973120E-03 0.000000E+00 
   244       1220      0 0.000000E+00 0.000000E+00 -.251000E+04 0.251000E+04 0.939650E+00 0.734028E+01 0.413456E+01 -.834861E-03 0.000000E+00 
   245       1120      0 0.000000E+00 0.000000E+00 -.251000E+04 0.251000E+04 0.938270E+00 0.736763E+01 0.530483E+01 0.256799E-04 0.000000E+00 
   246       1120      0 0.000000E+00 0.000000E+00 -.251000E+04 0.251000E+04 0.938270E+00 0.921407E+01 0.704508E+01 0.778114E-03 0.000000E+00 
   247       1120      0 0.000000E+00 0.000000E+00 -.251000E+04 0.251000E+04 0.938270E+00 0.590733E+01 -.104366E+00 -.102050E-02 0.000000E+00 
   248       1120      0 0.000000E+00 0.000000E+00 -.251000E+04 0.251000E+04 0.938270E+00 0.779438E+01 -.500862E+01 -.775081E-04 0.000000E+00 
   249       1220      0 0.000000E+00 0.000000E+00 -.251000E+04 0.251000E+04 0.939650E+00 0.257495E+01 0.977678E+00 0.947009E-03 0.000000E+00 
   250       1120      0 0.000000E+00 0.000000E+00 -.251000E+04 0.251000E+04 0.938270E+00 0.863961E+01 -.252569E+01 -.868239E-03 0.000000E+00 
   251       1220      0 0.000000E+00 0.000000E+00 -.251000E+04 0.251000E+04 0.939650E+00 0.479203E+01 -.590624E+01 0.309206E-03 0.000000E+00 
   252       1120      0 0.000000E+00 0.000000E+00 -.251000E+04 0.251000E+04 0.938270E+00 0.733585E+01 -.340466E+00 -.167602E-02 0.000000E+00 
   253       1220      0 0.000000E+00 0.000000E+00 -.251000E+04 0.251000E+04 0.939650E+00 0.841149E+01 -.395752E+01 0.501662E-03 0.000000E+00 
   254       1220      0 0.000000E+00 0.000000E+00 -.251000E+04 0.251000E+04 0.939650E+00 0.470797E+01 0.153897E+01 -.301481E-03 0.000000E+00 
   255       1220      0 0.000000E+00 0.000000E+00 -.251000E+04 0.251000E+04 0.939650E+00 0.114775E+02 -.249608E+01 0.445372E-03 0.000000E+00 
   256       1120      0 0.000000E+00 0.000000E+00 -.251000E+04 0.251000E+04 0.938270E+00 0.121975E+02 0.655512E+01 -.122145E-03 0.000000E+00 
   257       1120      0 0.000000E+00 0.000000E+00 -.251000E+04 0.251000E+04 0.938270E+00 0.273557E+01 0.271611E+01 0.422182E-03 0.000000E+00 
   258       1220      0 0.000000E+00 0.000000E+00 -.251000E+04 0.251000E+04 0.939650E+00 0.226347E+01 0.225711E+00 0.662900E-03 0.000000E+00 
   259       1220      0 0.000000E+00 0.000000E+00 -.251000E+04 0.251000E+04 0.939650E+00 0.103965E+02 -.150048E+01 -.151820E-02 0.000000E+00 
   260       1120      1 0.000000E+00 0.000000E+00 -.251000E+04 0.251000E+04 0.938270E+00 0.120713E+01 0.251496E+01 0.416891E-03 0.000000E+00 
   261       1220      0 0.000000E+00 0.000000E+00 -.251000E+04 0.251000E+04 0.939650E+00 0.496106E+01 -.194294E+01 -.181761E-02 0.000000E+00 
   262       1220      0 0.000000E+00 0.000000E+00 -.251000E+04 0.251000E+04 0.939650E+00 0.104632E+02 -.109817E+01 0.528085E-03 0.000000E+00 
   263       1220      0 0.000000E+00 0.000000E+00 -.251000E+04 0.251000E+04 0.939650E+00 0.636092E+01 0.209613E+00 -.149705E-02 0.000000E+00 
   264       1220      0 0.000000E+00 0.000000E+00 -.251000E+04 0.251000E+04 0.939650E+00 0.905054E+01 -.407565E+00 0.953401E-03 0.000000E+00 
   265       1220      0 0.000000E+00 0.000000E+00 -.251000E+04 0.251000E+04 0.939650E+00 0.114337E+02 -.321012E+01 0.232883E-03 0.000000E+00 
   266       1120      0 0.000000E+00 0.000000E+00 -.251000E+04 0.251000E+04 0.938270E+00 0.135615E+02 -.120907E+01 -.385626E-02 0.000000E+00 
   267       1120      0 0.000000E+00 0.000000E+00 -.251000E+04 0.251000E+04 0.938270E+00 0.729008E+01 0.114670E+01 0.217784E-02 0.000000E+00 
   268       1220      0 0.000000E+00 0.000000E+00 -.251000E+04 0.251000E+04 0.939650E+00 0.797063E+01 0.531679E+01 0.103694E-02 0.000000E+00 
   269       1220      0 0.000000E+00 0.000000E+00 -.251000E+04 0.251000E+04 0.939650E+00 0.949257E+01 -.330721E+01 0.115244E-02 0.000000E+00 
   270       1220      0 0.000000E+00 0.000000E+00 -.251000E+04 0.251000E+04 0.939650E+00 0.135320E+02 -.205642E+01 -.846969E-03 0.000000E+00 
   271       1220      0 0.000000E+00 0.000000E+00 -.251000E+04 0.251000E+04 0.939650E+00 0.657659E+01 0.416422E+01 -.204134E-03 0.000000E+00 
   272       1220      0 0.000000E+00 0.000000E+00 -.251000E+04 0.251000E+04 0.939650E+00 0.991862E+01 -.183359E+01 0.140261E-02 0.000000E+00 
   273       1120      0 0.000000E+00 0.000000E+00 -.251000E+04 0.251000E+04 0.938270E+00 0.613198E+01 0.403026E+01 -.106870E-02 0.000000E+00 
   274       1220      0 0.000000E+00 0.000000E+00 -.251000E+04 0.251000E+04 0.939650E+00 0.517074E+01 0.139590E+01 -.444581E-03 0.000000E+00 
   275       1220      1 0.000000E+00 0.000000E+00 -.251000E+04 0.251000E+04 0.939650E+00 0.877837E+00 0.645155E+00 -.494381E-03 0.000000E+00 
   276       1220      0 0.000000E+00 0.000000E+00 -.251000E+04 0.251000E+04 0.939650E+00 0.104285E+02 0.533408E+01 0.130052E-02 0.000000E+00 
   277       1220      0 0.000000E+00 0.000000E+00 -.251000E+04 0.251000E+04 0.939650E+00 0.108460E+02 -.213062E+01 -.631750E-03 0.000000E+00 
   278       1120      0 0.000000E+00 0.000000E+00 -.251000E+04 0.251000E+04 0.938270E+00 0.131546E+02 0.314644E+01 0.169397E-03 0.000000E+00 
   279       1220      0 0.000000E+00 0.000000E+00 -.251000E+04 0.251000E+04 0.939650E+00 0.304896E+01 0.210403E+01 -.228737E-03 0.000000E+00 
   280       1220      0 0.000000E+00 0.000000E+00 -.251000E+04 0.251000E+04 0.939650E+00 0.108100E+02 0.120716E+01 0.643183E-03 0.000000E+00 
   281       1220      0 0.000000E+00 0.000000E+00 -.251000E+04 0.251000E+04 0.939650E+00 0.107964E+02 -.488438E+01 -.841765E-03 0.000000E+00 
   282       1120      0 0.000000E+00 0.000000E+00 -.251000E+04 0.251000E+04 0.938270E+00 0.123481E+02 0.342119E+01 -.654365E-03 0.000000E+00 
   283       1220      0 0.000000E+00 0.000000E+00 -.251000E+04 0.251000E+04 0.939650E+00 0.325944E+01 0.150055E+01 -.124137E-02 0.000000E+00 
   284       1220      0 0.000000E+00 0.000000E+00 -.251000E+04 0.251000E+04 0.939650E+00 0.110195E+02 -.235568E+01 0.544149E-03 0.000000E+00 
   285       1220      0 0.000000E+00 0.000000E+00 -.251000E+04 0.251000E+04 0.939650E+00 0.883751E+01 0.467114E+01 0.471637E-03 0.000000E+00 
   286       1120      1 0.000000E+00 0.000000E+00 -.251000E+04 0.251000E+04 0.938270E+00 0.130702E+01 -.331208E+00 0.658515E-03 0.000000E+00 
   287       1220      0 0.000000E+00 0.000000E+00 -.251000E+04 0.251000E+04 0.939650E+00 0.119763E+02 0.337836E+01 -.126152E-02 0.000000E+00 
   288       1120      0 0.000000E+00 0.000000E+00 -.251000E+04 0.251000E+04 0.938270E+00 0.123915E+02 -.144616E+01 0.275707E-03 0.000000E+00 
   289       1120      0 0.000000E+00 0.000000E+00 -.251000E+04 0.251000E+04 0.938270E+00 0.620201E+01 -.329715E+01 0.251162E-02 0.000000E+00 
   290       1220      0 0.000000E+00 0.000000E+00 -.251000E+04 0.251000E+04 0.939650E+00 0.675514E+01 0.210965E+01 -.166451E-02 0.000000E+00 
   291       1120      0 0.000000E+00 0.000000E+00 -.251000E+04 0.251000E+04 0.938270E+00 0.612954E+01 -.288240E+01 -.863615E-03 0.000000E+00 
   292       1120      0 0.000000E+00 0.000000E+00 -.251000E+04 0.251000E+04 0.938270E+00 0.123756E+02 -.430015E+01 0.411894E-04 0.000000E+00 
   293       1220      0 0.000000E+00 0.000000E+00 -.251000E+04 0.251000E+04 0.939650E+00 0.417267E+01 0.206666E+01 0.118023E-02 0.000000E+00 
   294       1220      0 0.000000E+00 0.000000E+00 -.251000E+04 0.251000E+04 0.939650E+00 0.116821E+02 0.100713E+01 -.951469E-03 0.000000E+00 
   295       1120      0 0.000000E+00 0.000000E+00 -.251000E+04 0.251000E+04 0.938270E+00 0.665531E+01 0.366128E+01 -.189067E-02 0.000000E+00 
   296       1220      0 0.000000E+00 0.000000E+00 -.251000E+04 0.251000E+04 0.939650E+00 0.118114E+02 -.245121E+01 -.528520E-03 0.000000E+00 
   297       1220      0 0.000000E+00 0.000000E+00 -.251000E+04 0.251000E+04 0.939650E+00 0.991573E+01 0.688495E+01 0.239688E-03 0.000000E+00 
   298       1120      0 0.000000E+00 0.000000E+00 -.251000E+04 0.251000E+04 0.938270E+00 0.131664E+02 0.152192E+01 0.255756E-02 0.000000E+00 
   299       1220      0 0.000000E+00 0.000000E+00 -.251000E+04 0.251000E+04 0.939650E+00 0.647288E+01 -.275019E+01 -.120965E-02 0.000000E+00 
   300       1220      0 0.000000E+00 0.000000E+00 -.251000E+04 0.251000E+04 0.939650E+00 0.112352E+02 -.162024E+01 -.607622E-03 0.000000E+00 
   301       1220      0 0.000000E+00 0.000000E+00 -.251000E+04 0.251000E+04 0.939650E+00 0.554438E+01 0.330401E+01 -.117812E-02 0.000000E+00 
   302       1120      0 0.000000E+00 0.000000E+00 -.251000E+04 0.251000E+04 0.938270E+00 0.547057E+01 -.219889E+01 -.193150E-02 0.000000E+00 
   303       1220      0 0.000000E+00 0.000000E+00 -.251000E+04 0.251000E+04 0.939650E+00 0.715659E+01 0.258040E+01 0.796607E-03 0.000000E+00 
   304       1220      0 0.000000E+00 0.000000E+00 -.251000E+04 0.251000E+04 0.939650E+00 0.267561E+01 -.212360E+01 -.237382E-03 0.000000E+00 
   305       1220      0 0.000000E+00 0.000000E+00 -.251000E+04 0.251000E+04 0.939650E+00 0.118028E+02 0.422624E+01 0.104324E-03 0.000000E+00 
   306       1220      0 0.000000E+00 0.000000E+00 -.251000E+04 0.251000E+04 0.939650E+00 0.600014E+01 0.288400E+01 0.219537E-02 0.000000E+00 
   307       1120      0 0.000000E+00 0.000000E+00 -.251000E+04 0.251000E+04 0.938270E+00 0.608834E+01 0.104476E+01 0.278513E-03 0.000000E+00 
   308       1220      0 0.000000E+00 0.000000E+00 -.251000E+04 0.251000E+04 0.939650E+00 0.103145E+02 0.449195E+01 0.619812E-03 0.000000E+00 
   309       1220      0 0.000000E+00 0.000000E+00 -.251000E+04 0.251000E+04 0.939650E+00 0.997036E+01 0.314049E+01 -.126401E-02 0.000000E+00 
   310       1220      0 0.000000E+00 0.000000E+00 -.251000E+04 0.251000E+04 0.939650E+00 0.410075E+01 0.287207E+01 0.155154E-02 0.000000E+00 
   311       1120      0 0.000000E+00 0.000000E+00 -.251000E+04 0.251000E+04 0.938270E+00 0.889841E+01 0.392292E+01 0.621021E-03 0.000000E+00 
   312       1120      0 0.000000E+00 0.000000E+00 -.251000E+04 0.251000E+04 0.938270E+00 0.502080E+01 0.192583E+01 0.738442E-03 0.000000E+00 
   313       1220      0 0.000000E+00 0.000000E+00 -.251000E+04 0.251000E+04 0.939650E+00 0.126691E+02 0.523755E+01 0.331031E-03 0.000000E+00 
   314       1220      0 0.000000E+00 0.000000E+00 -.251000E+04 0.251000E+04 0.939650E+00 0.870502E+01 -.113525E+01 0.159475E-02 0.000000E+00 
   315       1220      0 0.000000E+00 0.000000E+00 -.251000E+04 0.251000E+04 0.939650E+00 0.514372E+01 0.384485E+01 0.205651E-02 0.000000E+00 
   316       1120      0 0.000000E+00 0.000000E+00 -.251000E+04 0.251000E+04 0.938270E+00 0.119677E+02 0.583346E+00 0.111397E-02 0.000000E+00 
   317       1120      0 0.000000E+00 0.000000E+00 -.251000E+04 0.251000E+04 0.938270E+00 0.500068E+01 -.128353E+01 -.179689E-03 0.000000E+00 
   318       1220      0 0.000000E+00 0.000000E+00 -.251000E+04 0.251000E+04 0.939650E+00 0.886942E+01 0.188769E+01 -.108014E-02 0.000000E+00 
   319       1220      0 0.000000E+00 0.000000E+00 -.251000E+04 0.251000E+04 0.939650E+00 0.155228E+01 0.344454E+01 -.365542E-03 0.000000E+00 
   320       1220      0 0.000000E+00 0.000000E+00 -.251000E+04 0.251000E+04 0.939650E+00 0.626247E+01 0.209397E+01 -.599678E-03 0.000000E+00 
   321       1120      0 0.000000E+00 0.000000E+00 -.251000E+04 0.251000E+04 0.938270E+00 0.606768E+01 -.453006E+01 0.439617E-03 0.000000E+00 
   322       1220      0 0.000000E+00 0.000000E+00 -.251000E+04 0.251000E+04 0.939650E+00 0.774660E+01 -.151971E+01 -.133981E-02 0.000000E+00 
   323       1220      0 0.000000E+00 0.000000E+00 -.251000E+04 0.251000E+04 0.939650E+00 0.714568E+01 -.914330E+00 -.240357E-02 0.000000E+00 
   324       1220      0 0.000000E+00 0.000000E+00 -.251000E+04 0.251000E+04 0.939650E+00 0.787879E+01 -.138547E+01 0.570077E-04 0.000000E+00 
   325       1220      0 0.000000E+00 0.000000E+00 -.251000E+04 0.251000E+04 0.939650E+00 0.974210E+01 -.330667E+00 -.930375E-03 0.000000E+00 
   326       1220      0 0.000000E+00 0.000000E+00 -.251000E+04 0.251000E+04 0.939650E+00 0.984085E+01 -.379262E+01 0.180573E-02 0.000000E+00 
   327       1220      0 0.000000E+00 0.000000E+00 -.251000E+04 0.251000E+04 0.939650E+00 0.250979E+01 -.196502E+01 -.116501E-02 0.000000E+00 
   328       1220      0 0.000000E+00 0.000000E+00 -.251000E+04 0.251000E+04 0.939650E+00 0.906372E+01 -.294280E+01 -.931166E-03 0.000000E+00 
   329       1220      0 0.000000E+00 0.000000E+00 -.251000E+04 0.251000E+04 0.939650E+00 0.131325E+02 0.568924E+00 0.105253E-02 0.000000E+00 
   330       1220      0 0.000000E+00 0.000000E+00 -.251000E+04 0.251000E+04 0.939650E+00 0.590929E+01 0.555478E+01 0.977734E-03 0.000000E+00 
   331       1220      0 0.000000E+00 0.000000E+00 -.251000E+04 0.251000E+04 0.939650E+00 0.894089E+01 -.296762E+01 0.351659E-04 0.000000E+00 
   332       1220      0 0.000000E+00 0.000000E+00 -.251000E+04 0.251000E+04 0.939650E+00 0.832985E+01 -.328501E+01 0.136685E-02 0.000000E+00 
   333       1220      0 0.000000E+00 0.000000E+00 -.251000E+04 0.251000E+04 0.939650E+00 0.193701E+01 -.177103E+01 -.181591E-03 0.000000E+00 
   334       1220      0 0.000000E+00 0.000000E+00 -.251000E+04 0.251000E+04 0.939650E+00 0.305067E+01 0.165200E+01 -.395678E-03 0.000000E+00 
   335       1220      0 0.000000E+00 0.000000E+00 -.251000E+04 0.251000E+04 0.939650E+00 0.868797E+01 -.399905E+01 0.510499E-03 0.000000E+00 
   336       1120      0 0.000000E+00 0.000000E+00 -.251000E+04 0.251000E+04 0.938270E+00 0.516092E+01 -.417193E+00 0.168681E-02 0.000000E+00 
   337       1220      0 0.000000E+00 0.000000E+00 -.251000E+04 0.251000E+04 0.939650E+00 0.510921E+01 -.973580E+00 -.166645E-02 0.000000E+00 
   338       1220      0 0.000000E+00 0.000000E+00 -.251000E+04 0.251000E+04 0.939650E+00 0.913045E+01 -.376094E+01 -.185319E-04 0.000000E+00 
   339       1220      0 0.000000E+00 0.000000E+00 -.251000E+04 0.251000E+04 0.939650E+00 0.127749E+02 -.335062E+01 -.358629E-03 0.000000E+00 
   340       1120      0 0.000000E+00 0.000000E+00 -.251000E+04 0.251000E+04 0.938270E+00 0.419804E+01 -.276392E+01 0.315220E-03 0.000000E+00 
   341       1120      0 0.000000E+00 0.000000E+00 -.251000E+04 0.251000E+04 0.938270E+00 0.515688E+01 -.767674E+00 -.153050E-02 0.000000E+00 
   342       1220      0 0.000000E+00 0.000000E+00 -.251000E+04 0.251000E+04 0.939650E+00 0.100902E+02 0.108056E+01 0.159650E-02 0.000000E+00 
   343       1220      0 0.000000E+00 0.000000E+00 -.251000E+04 0.251000E+04 0.939650E+00 0.580860E+01 0.473684E+01 -.163197E-02 0.000000E+00 
   344       1220      0 0.000000E+00 0.000000E+00 -.251000E+04 0.251000E+04 0.939650E+00 0.499894E+01 0.308384E+01 0.127777E-02 0.000000E+00 
   345       1220      0 0.000000E+00 0.000000E+00 -.251000E+04 0.251000E+04 0.939650E+00 0.489751E+01 0.954349E+00 0.108071E-03 0.000000E+00 
   346       1220      0 0.000000E+00 0.000000E+00 -.251000E+04 0.251000E+04 0.939650E+00 0.128611E+02 -.199323E+01 0.161298E-02 0.000000E+00 
   347       1120      0 0.000000E+00 0.000000E+00 -.251000E+04 0.251000E+04 0.938270E+00 0.593772E+01 -.387844E+01 -.476201E-03 0.000000E+00 
   348       1120      0 0.000000E+00 0.000000E+00 -.251000E+04 0.251000E+04 0.938270E+00 0.669303E+01 0.195221E+00 0.806711E-03 0.000000E+00 
   349       1220      0 0.000000E+00 0.000000E+00 -.251000E+04 0.251000E+04 0.939650E+00 0.405452E+01 0.472222E+01 0.862029E-03 0.000000E+00 
   350       1120      0 0.000000E+00 0.000000E+00 -.251000E+04 0.251000E+04 0.938270E+00 0.102917E+02 0.305123E+01 0.102585E-02 0.000000E+00 
   351       1220      0 0.000000E+00 0.000000E+00 -.251000E+04 0.251000E+04 0.939650E+00 0.460613E+01 -.429702E+01 0.205569E-03 0.000000E+00 
   352       1220      0 0.000000E+00 0.000000E+00 -.251000E+04 0.251000E+04 0.939650E+00 0.665959E+01 0.850177E+01 -.926160E-03 0.000000E+00 
   353       1120      0 0.000000E+00 0.000000E+00 -.251000E+04 0.251000E+04 0.938270E+00 0.111848E+02 -.234791E+00 0.143545E-02 0.000000E+00 
   354       1220      0 0.000000E+00 0.000000E+00 -.251000E+04 0.251000E+04 0.939650E+00 0.152930E+02 0.174565E+00 0.725283E-04 0.000000E+00 
   355       1120      0 0.000000E+00 0.000000E+00 -.251000E+04 0.251000E+04 0.938270E+00 0.341188E+01 0.242691E+01 -.157410E-02 0.000000E+00 
   356       1120      0 0.000000E+00 0.000000E+00 -.251000E+04 0.251000E+04 0.938270E+00 0.896093E+01 0.912360E+00 -.762678E-03 0.000000E+00 
   357       1220      0 0.000000E+00 0.000000E+00 -.251000E+04 0.251000E+04 0.939650E+00 0.277018E+01 0.436152E+01 -.718673E-03 0.000000E+00 
   358       1220      0 0.000000E+00 0.000000E+00 -.251000E+04 0.251000E+04 0.939650E+00 0.666424E+01 0.309842E+01 -.412705E-03 0.000000E+00 
   359       1120      0 0.000000E+00 0.000000E+00 -.251000E+04 0.251000E+04 0.938270E+00 0.562982E+01 -.250594E+01 -.633877E-03 0.000000E+00 
   360       1220      0 0.000000E+00 0.000000E+00 -.251000E+04 0.251000E+04 0.939650E+00 0.802044E+01 -.349609E+01 0.526476E-03 0.000000E+00 
   361       1120      0 0.000000E+00 0.000000E+00 -.251000E+04 0.251000E+04 0.938270E+00 0.584634E+01 0.262480E+01 0.153384E-03 0.000000E+00 
   362       1220      0 0.000000E+00 0.000000E+00 -.251000E+04 0.251000E+04 0.939650E+00 0.514480E+01 0.317452E+01 -.242751E-02 0.000000E+00 
   363       1220      0 0.000000E+00 0.000000E+00 -.251000E+04 0.251000E+04 0.939650E+00 0.680040E+01 -.185253E+01 -.296250E-03 0.000000E+00 
   364       1220      0 0.000000E+00 0.000000E+00 -.251000E+04 0.251000E+04 0.939650E+00 0.105228E+02 0.253002E+01 -.646406E-03 0.000000E+00 
   365       1120      0 0.000000E+00 0.000000E+00 -.251000E+04 0.251000E+04 0.938270E+00 0.943572E+01 -.125475E+01 0.848971E-03 0.000000E+00 
   366       1220      0 0.000000E+00 0.000000E+00 -.251000E+04 0.251000E+04 0.939650E+00 0.381240E+01 0.230891E+01 0.240552E-03 0.000000E+00 
   367       1120      0 0.000000E+00 0.000000E+00 -.251000E+04 0.251000E+04 0.938270E+00 0.492968E+01 0.520525E+01 -.570481E-03 0.000000E+00 
   368       1220      0 0.000000E+00 0.000000E+00 -.251000E+04 0.251000E+04 0.939650E+00 0.719576E+01 -.138547E+00 0.201219E-02 0.000000E+00 
   369       1120      0 0.000000E+00 0.000000E+00 -.251000E+04 0.251000E+04 0.938270E+00 0.100481E+02 0.233542E+00 0.342765E-02 0.000000E+00 
   370       1220      0 0.000000E+00 0.000000E+00 -.251000E+04 0.251000E+04 0.939650E+00 0.121058E+02 0.278991E+01 -.122188E-02 0.000000E+00 
   371       1220      0 0.000000E+00 0.000000E+00 -.251000E+04 0.251000E+04 0.939650E+00 0.991011E+01 0.405840E+01 -.120047E-02 0.000000E+00 
   372       1120      0 0.000000E+00 0.000000E+00 -.251000E+04 0.251000E+04 0.938270E+00 0.512434E+01 0.123736E+01 0.254153E-03 0.000000E+00 
   373       1120      0 0.000000E+00 0.000000E+00 -.251000E+04 0.251000E+04 0.938270E+00 0.850830E+01 -.115175E+01 -.104561E-02 0.000000E+00 
   374       1120      0 0.000000E+00 0.000000E+00 -.251000E+04 0.251000E+04 0.938270E+00 0.722741E+01 0.219785E+01 0.151346E-02 0.000000E+00 
   375       1120      0 0.000000E+00 0.000000E+00 -.251000E+04 0.251000E+04 0.938270E+00 0.978878E+01 0.513390E+01 -.805543E-03 0.000000E+00 
   376       1120      0 0.000000E+00 0.000000E+00 -.251000E+04 0.251000E+04 0.938270E+00 0.493048E+01 0.462656E+01 0.135447E-02 0.000000E+00 
   377       1120      0 0.000000E+00 0.000000E+00 -.251000E+04 0.251000E+04 0.938270E+00 0.861658E+01 -.142756E+01 -.526105E-03 0.000000E+00 
   378       1120      0 0.000000E+00 0.000000E+00 -.251000E+04 0.251000E+04 0.938270E+00 0.539160E+01 0.132227E+01 0.140609E-02 0.000000E+00 
   379       1220      1 0.000000E+00 0.000000E+00 -.251000E+04 0.251000E+04 0.939650E+00 0.121652E+01 -.798386E-01 -.864069E-04 0.000000E+00 
   380       1120      0 0.000000E+00 0.000000E+00 -.251000E+04 0.251000E+04 0.938270E+00 0.288825E+01 0.824329E+01 -.303713E-03 0.000000E+00 
   381       1220      0 0.000000E+00 0.000000E+00 -.251000E+04 0.251000E+04 0.939650E+00 0.832728E+01 0.251980E+01 -.206331E-03 0.000000E+00 
   382       1220      0 0.000000E+00 0.000000E+00 -.251000E+04 0.251000E+04 0.939650E+00 0.461218E+01 -.294727E+01 0.647913E-03 0.000000E+00 
   383       1120      0 0.000000E+00 0.000000E+00 -.251000E+04 0.251000E+04 0.938270E+00 0.125227E+02 0.291762E+01 -.219881E-02 0.000000E+00 
   384       1220      0 0.000000E+00 0.000000E+00 -.251000E+04 0.251000E+04 0.939650E+00 0.743093E+01 0.174973E+01 -.207447E-03 0.000000E+00 
   385       1120      0 0.000000E+00 0.000000E+00 -.251000E+04 0.251000E+04 0.938270E+00 0.108604E+02 -.129104E+01 -.169061E-02 0.000000E+00 
   386       1220      0 0.000000E+00 0.000000E+00 -.251000E+04 0.251000E+04 0.939650E+00 0.109802E+02 0.187410E+01 0.195250E-02 0.000000E+00 
   387       1220      0 0.000000E+00 0.000000E+00 -.251000E+04 0.251000E+04 0.939650E+00 0.525528E+01 0.156868E+01 0.168222E-02 0.000000E+00 
   388       1120      0 0.000000E+00 0.000000E+00 -.251000E+04 0.251000E+04 0.938270E+00 0.791741E+01 -.282445E+01 -.215655E-02 0.000000E+00 
   389       1120      0 0.000000E+00 0.000000E+00 -.251000E+04 0.251000E+04 0.938270E+00 0.249817E+01 0.216090E+01 0.406652E-04 0.000000E+00 
   390       1220      0 0.000000E+00 0.000000E+00 -.251000E+04 0.251000E+04 0.939650E+00 0.521504E+01 -.235118E+01 0.198322E-02 0.000000E+00 
   391       1120      0 0.000000E+00 0.000000E+00 -.251000E+04 0.251000E+04 0.938270E+00 0.334913E+01 -.685552E+00 -.272793E-02 0.000000E+00 
   392       1220      0 0.000000E+00 0.000000E+00 -.251000E+04 0.251000E+04 0.939650E+00 0.346625E+01 0.190227E+00 -.829806E-03 0.000000E+00 
   393       1220      0 0.000000E+00 0.000000E+00 -.251000E+04 0.251000E+04 0.939650E+00 0.927578E+01 0.506285E+01 0.140227E-02 0.000000E+00 
   394       1120      0 0.000000E+00 0.000000E+00 -.251000E+04 0.251000E+04 0.938270E+00 0.960200E+01 0.490838E+01 0.196328E-03 0.000000E+00 
   395       1120      0 0.000000E+00 0.000000E+00 -.251000E+04 0.251000E+04 0.938270E+00 0.537655E+01 0.700680E+00 -.332899E-03 0.000000E+00 
   396       1220      0 0.000000E+00 0.000000E+00 -.251000E+04 0.251000E+04 0.939650E+00 0.131627E+02 -.330473E+00 -.158333E-03 0.000000E+00 
   397       1220      0 0.000000E+00 0.000000E+00 -.251000E+04 0.251000E+04 0.939650E+00 0.293507E+01 -.430363E+01 0.135122E-03 0.000000E+00 
   398       1220      0 0.000000E+00 0.000000E+00 -.251000E+04 0.251000E+04 0.939650E+00 0.634806E+01 0.663574E+01 -.978477E-03 0.000000E+00 
   399       1120      0 0.000000E+00 0.000000E+00 -.251000E+04 0.251000E+04 0.938270E+00 0.498949E+01 0.865000E+00 0.121658E-02 0.000000E+00 
   400       1220      0 0.000000E+00 0.000000E+00 -.251000E+04 0.251000E+04 0.939650E+00 0.265706E+01 -.241028E+01 0.113477E-03 0.000000E+00 
   401       1120      0 0.000000E+00 0.000000E+00 -.251000E+04 0.251000E+04 0.938270E+00 0.103305E+02 0.118545E+01 -.115081E-02 0.000000E+00 
   402       1120      0 0.000000E+00 0.000000E+00 -.251000E+04 0.251000E+04 0.938270E+00 0.112062E+02 -.457951E+01 -.842990E-03 0.000000E+00 
   403       1120      0 0.000000E+00 0.000000E+00 -.251000E+04 0.251000E+04 0.938270E+00 0.789677E+01 -.197089E+01 0.205126E-02 0.000000E+00 
   404       1120      0 0.000000E+00 0.000000E+00 -.251000E+04 0.251000E+04 0.938270E+00 0.943177E+01 -.941347E+00 -.201426E-02 0.000000E+00 
   405       1120      0 0.000000E+00 0.000000E+00 -.251000E+04 0.251000E+04 0.938270E+00 0.319113E+01 -.974925E+00 -.189091E-02 0.000000E+00 
   406       1220      0 0.000000E+00 0.000000E+00 -.251000E+04 0.251000E+04 0.939650E+00 0.824684E+01 0.111188E+01 -.143453E-02 0.000000E+00 
   407       1120      0 0.000000E+00 0.000000E+00 -.251000E+04 0.251000E+04 0.938270E+00 0.106115E+02 0.308910E+01 -.129402E-02 0.000000E+00 
   408       1220      1 0.000000E+00 0.000000E+00 -.251000E+04 0.251000E+04 0.939650E+00 0.156351E+01 0.761710E+00 0.554996E-03 0.000000E+00 
   409       1120      0 0.000000E+00 0.000000E+00 -.251000E+04 0.251000E+04 0.938270E+00 0.610829E+01 0.622529E+01 0.179269E-02 0.000000E+00 
   410       1220      0 0.000000E+00 0.000000E+00 -.251000E+04 0.251000E+04 0.939650E+00 0.916007E+01 0.588246E+01 0.773575E-03 0.000000E+00 
   411       1220      0 0.000000E+00 0.000000E+00 -.251000E+04 0.251000E+04 0.939650E+00 0.359311E+01 0.185652E+00 -.196029E-02 0.000000E+00 
   412       1120      0 0.000000E+00 0.000000E+00 -.251000E+04 0.251000E+04 0.938270E+00 0.110728E+02 0.124830E+01 0.394865E-03 0.000000E+00 
   413       1220      0 0.000000E+00 0.000000E+00 -.251000E+04 0.251000E+04 0.939650E+00 0.111806E+02 0.336476E+01 -.881547E-03 0.000000E+00 
   414       1120      0 0.000000E+00 0.000000E+00 -.251000E+04 0.251000E+04 0.938270E+00 0.531946E+01 0.321718E+01 -.956242E-03 0.000000E+00 
   415       1220      0 0.000000E+00 0.000000E+00 -.251000E+04 0.251000E+04 0.939650E+00 0.767284E+01 -.362638E+01 0.498740E-03 0.000000E+00 
   416       1120      0 0.000000E+00 0.000000E+00 -.251000E+04 0.251000E+04 0.938270E+00 0.789039E+01 -.205306E+01 0.158363E-02 0.000000E+00 
   419          9     25 0.132062E+01 -.109503E+01 -.606322E+00 0.181955E+01 0.000000E+00 0.204602E+00 0.341614E-01 0.745350E-03 -.868352E-04 
   420          9     25 -.131878E+01 0.109601E+01 -.621366E+02 0.621602E+02 0.000000E+00 0.204602E+00 0.341614E-01 0.745350E-03 -.868352E-04 
   421         -1     21 0.591888E+00 0.357333E+00 0.495740E+02 0.495789E+02 0.000000E+00 0.204602E+00 0.341614E-01 0.745350E-03 -.868352E-04 
   422          1     21 -.902454E+00 -.526609E-01 -.249343E+03 0.249345E+03 0.000000E+00 0.204602E+00 0.341614E-01 0.745350E-03 -.868352E-04 
   423          1     21 0.857005E+00 0.831024E-02 0.246686E+03 0.246687E+03 0.000000E+00 0.204602E+00 0.341614E-01 0.745350E-03 -.868352E-04 
   424          9     21 -.680115E-01 0.158462E+00 0.860809E-01 0.192732E+00 0.000000E+00 0.204602E+00 0.341614E-01 0.745350E-03 -.868352E-04 
   425          9     21 0.137430E+01 -.124158E+01 -.136765E+01 0.230233E+01 0.000000E+00 0.204602E+00 0.341614E-01 0.745350E-03 -.868352E-04 
   426          9     21 -.130445E+01 0.108410E+01 -.614613E+02 0.614847E+02 0.000000E+00 0.204602E+00 0.341614E-01 0.745350E-03 -.868352E-04 
   427         -3     21 0.563009E-01 -.767588E+00 -.197845E+03 0.197846E+03 0.000000E+00 0.204602E+00 0.341614E-01 0.745350E-03 -.868352E-04 
   437       1100     21 -.147934E+01 -.575552E+00 0.221256E+04 0.221256E+04 0.000000E+00 -.107231E+01 0.592199E+00 0.609816E+03 0.609822E+03 
   438          2     21 0.535020E-01 0.142991E+00 0.538009E+00 0.559252E+00 0.000000E+00 -.845605E+00 0.660975E+00 0.257939E+03 0.257941E+03 
   439       1220      3 -.966914E-02 0.386168E-01 0.251000E+04 0.251000E+04 0.939650E+00 -.130912E+01 0.233477E+00 0.347865E+04 0.347865E+04 
   440       1220      3 -.633711E-01 -.385897E-02 0.251000E+04 0.251000E+04 0.939650E+00 -.861159E+00 -.703359E+00 0.150548E+04 0.150548E+04 
   441       1120      3 -.483881E-01 0.651169E-01 0.251000E+04 0.251000E+04 0.938270E+00 -.135674E+01 0.308972E+00 0.177705E+04 0.177705E+04 
   442       1120      3 0.468821E-02 0.291831E-01 -.251000E+04 0.251000E+04 0.938270E+00 0.123008E+01 0.265777E+01 -.122836E+05 0.122836E+05 
   443       1220      3 -.424582E-01 0.568267E-02 -.251000E+04 0.251000E+04 0.939650E+00 0.828426E+00 0.651768E+00 -.292103E+04 0.292103E+04 
   444       1200     21 0.103181E+01 0.711586E+00 -.199939E+04 0.199939E+04 0.000000E+00 0.165100E+01 -.754353E-01 -.710766E+03 0.710780E+03 
   445          1     21 -.641701E-01 0.791588E-02 -.385136E-01 0.752579E-01 0.000000E+00 0.134368E+01 -.303947E+00 -.757550E+02 0.757570E+02 
   446       1220      3 0.554023E-02 0.341598E-01 -.251000E+04 0.251000E+04 0.939650E+00 0.122340E+01 -.373976E-01 -.311849E+04 0.311849E+04 
   447       1220      3 0.728120E-02 -.221327E-02 -.251000E+04 0.251000E+04 0.939650E+00 0.156764E+01 0.760453E+00 -.142594E+04 0.142595E+04 
   449       -120      3 0.552669E+00 -.603940E-01 0.262823E+02 0.262886E+02 0.139570E+00 0.112802E+01 -.656440E-01 0.406920E+02 0.407008E+02 
   450        121      3 -.101703E+00 0.116158E+00 0.958550E+01 0.961804E+01 0.775260E+00 0.278804E-01 0.307087E+00 0.230429E+02 0.231203E+02 
   451      -1220      3 -.104679E+00 0.183485E+00 0.278578E+01 0.294756E+01 0.939650E+00 0.263744E+00 0.429614E-01 0.230024E+00 0.242507E+00 
   452       2221      3 0.278776E+00 -.572012E+00 0.397677E+01 0.424224E+01 0.133302E+01 0.441683E+00 -.319570E+00 0.241616E+01 0.257657E+01 
   453        120      3 -.250569E+00 0.652066E+00 0.495048E+01 0.500147E+01 0.139572E+00 -.618268E+00 0.234558E+01 0.175969E+02 0.177773E+02 
   454        110      3 0.470122E-01 -.344827E-01 0.636430E+00 0.653191E+00 0.134970E+00 0.887248E+00 -.423151E+00 0.832482E+01 0.854322E+01 
   455        111      3 0.898624E-01 0.382814E+00 -.159896E+00 0.883865E+00 0.775260E+00 0.367854E+00 0.434665E+00 -.169171E+00 0.939169E+00 
   456        220      3 0.349778E+00 -.487855E+00 0.217704E+00 0.841364E+00 0.547860E+00 0.136483E+01 -.149586E+01 0.680704E+00 0.262776E+01 
   457        111      3 -.347498E+00 0.588673E+00 -.334601E+01 0.345678E+01 0.534996E+00 -.103867E+00 0.665201E+00 -.362189E+01 0.374247E+01 
   458      -1225      3 0.353784E+00 -.556485E+00 -.116278E+02 0.117560E+02 0.160052E+01 0.451829E+00 -.254437E+00 -.589789E+01 0.596355E+01 
   459       2230      3 -.619890E+00 0.117387E+00 -.862035E+01 0.872596E+01 0.119744E+01 -.544686E+00 0.182582E+00 -.113613E+02 0.115012E+02 
   460        131      3 0.171679E+00 0.181533E+00 -.204836E+02 0.205045E+02 0.891760E+00 0.374406E+00 0.135763E+00 -.121747E+02 0.121878E+02 
   461        220      3 0.400076E+00 -.320453E+00 -.172393E+02 0.172557E+02 0.547860E+00 0.196336E+01 -.132660E+01 -.728646E+02 0.729343E+02 
   462        110      3 -.799800E+00 -.193719E-01 -.294450E+02 0.294562E+02 0.134969E+00 -.609075E+01 -.126261E+00 -.234260E+03 0.234350E+03 
   463        111      3 0.614789E-01 0.224790E+00 -.848950E+02 0.848988E+02 0.775260E+00 0.295023E+00 0.110726E+00 -.312946E+02 0.312966E+02 
   464        221      3 -.391543E+00 -.911787E-01 -.723870E+02 0.723934E+02 0.867856E+00 -.291530E-01 -.423533E-01 -.557418E+02 0.557474E+02 
   466        121      3 -.225659E+00 -.247603E+00 0.105139E+03 0.105143E+03 0.831055E+00 -.963845E+00 -.124518E+01 0.537073E+03 0.537093E+03 
   467       -120      3 0.962973E+00 0.527617E+00 0.927291E+02 0.927357E+02 0.139570E+00 0.134750E+01 0.654445E+00 0.111571E+03 0.111578E+03 
   468        121      3 -.593426E-01 -.370575E+00 0.132650E+02 0.132861E+02 0.647682E+00 0.112632E+00 -.456462E+00 0.170427E+02 0.170689E+02 
   469        231      3 -.867544E-02 0.404178E-01 0.338400E+02 0.338518E+02 0.895550E+00 0.187929E+00 0.240153E-01 0.367558E+01 0.367604E+01 
   470       -231      3 0.363072E+00 -.865710E-01 0.131809E+01 0.163667E+01 0.895550E+00 0.328364E+00 -.136347E-01 0.507159E+00 0.628726E+00 
   471        111      3 0.692061E+00 -.159596E+00 -.482967E+00 0.120813E+01 0.849651E+00 0.551619E+00 -.640270E-01 -.252404E+00 0.633162E+00 
   472       1220      3 0.429596E-01 -.566217E+00 -.235042E+01 0.259420E+01 0.939650E+00 0.192833E+00 -.325922E-01 -.216018E+00 0.239159E+00 
   473      -1220      3 -.305280E+00 -.179428E-01 -.709628E+00 0.121657E+01 0.939650E+00 -.101443E+01 -.510975E-01 -.279634E+01 0.479515E+01 
   474       -121      3 0.343210E+00 -.260246E+00 -.219488E+01 0.229869E+01 0.530054E+00 0.871838E+00 -.498247E+00 -.436693E+01 0.457416E+01 
   475        120      3 -.245363E-01 0.459546E-01 -.210434E+01 0.210961E+01 0.139570E+00 0.145016E+00 0.101763E+00 -.376042E+01 0.377050E+01 
   476       1226      3 -.242846E+00 0.503502E+00 -.217484E+02 0.218161E+02 0.162370E+01 0.161393E+00 0.765981E-01 -.246011E+01 0.246843E+01 
   477      -1120      3 -.569074E-01 -.281206E-01 -.714963E+02 0.715025E+02 0.938270E+00 0.609587E-01 -.435813E-01 -.160703E+03 0.160718E+03 
   478        121      3 -.244898E+00 -.336804E+00 -.116699E+03 0.116703E+03 0.924346E+00 -.117674E+00 -.401960E+00 -.146074E+03 0.146080E+03 
   479        230      3 -.320990E+00 0.197883E+00 -.424068E+02 0.424114E+02 0.497610E+00 -.115746E+01 0.849608E+00 -.177866E+03 0.177886E+03 
   481       1111      3 -.125234E+01 -.118997E+01 0.121743E+04 0.121743E+04 0.123200E+01 -.200410E+01 -.338444E+00 0.154175E+04 0.154176E+04 
   482       -120      3 -.213198E+00 0.694927E+00 0.745904E+03 0.745905E+03 0.139569E+00 -.329187E+01 0.789479E+01 0.846929E+04 0.846929E+04 
   483        221      3 -.465921E+00 -.407593E+00 0.235439E+03 0.235442E+03 0.847058E+00 -.174748E+01 -.416870E-01 0.964572E+03 0.964581E+03 
   484        110      3 0.505621E+00 0.470069E+00 0.143274E+02 0.143446E+02 0.134970E+00 0.369143E+01 0.497627E+01 0.744041E+03 0.744208E+03 
   486       1121      3 0.220025E+00 0.608594E+00 -.143290E+04 0.143291E+04 0.124708E+01 0.167171E+01 0.759711E-01 -.102980E+04 0.102981E+04 
   487       -121      3 0.842531E+00 0.107027E+00 -.443104E+03 0.443105E+03 0.763491E+00 0.169094E+01 -.508638E-01 -.746644E+03 0.746658E+03 
   488        121      3 -.116965E+00 -.803291E-01 -.766360E+02 0.766396E+02 0.731489E+00 0.153602E+01 -.119075E+00 -.767574E+03 0.767590E+03 
   489       -120      3 0.185549E+00 0.128057E+00 -.721569E+01 0.722056E+01 0.139570E+00 0.522848E+01 0.242899E+01 -.850988E+03 0.851097E+03 
   490        121      3 0.850133E-02 0.956092E-01 -.208748E+02 0.208836E+02 0.598391E+00 0.163624E+01 0.925390E-01 -.743968E+03 0.743996E+03 
   491        221      3 -.171999E+00 -.139456E+00 -.186914E+02 0.187091E+02 0.782650E+00 0.152404E+01 -.139540E+00 -.721490E+03 0.721514E+03 
   492       1220      0 -.966914E-02 0.386168E-01 0.251000E+04 0.251000E+04 0.939650E+00 -.130912E+01 0.233477E+00 0.347865E+04 0.347865E+04 
   493       1220      0 -.633711E-01 -.385897E-02 0.251000E+04 0.251000E+04 0.939650E+00 -.861159E+00 -.703359E+00 0.150548E+04 0.150548E+04 
   494       1120      0 -.483881E-01 0.651169E-01 0.251000E+04 0.251000E+04 0.938270E+00 -.135674E+01 0.308972E+00 0.177705E+04 0.177705E+04 
   495       1120      0 0.468821E-02 0.291831E-01 -.251000E+04 0.251000E+04 0.938270E+00 0.123008E+01 0.265777E+01 -.122836E+05 0.122836E+05 
   496       1220      0 -.424582E-01 0.568267E-02 -.251000E+04 0.251000E+04 0.939650E+00 0.828426E+00 0.651768E+00 -.292103E+04 0.292103E+04 
   497       1220      0 0.554023E-02 0.341598E-01 -.251000E+04 0.251000E+04 0.939650E+00 0.122340E+01 -.373976E-01 -.311849E+04 0.311849E+04 
   498       1220      0 0.728120E-02 -.221327E-02 -.251000E+04 0.251000E+04 0.939650E+00 0.156764E+01 0.760453E+00 -.142594E+04 0.142595E+04 
   499      -1220      0 -.104679E+00 0.183485E+00 0.278578E+01 0.294756E+01 0.939650E+00 0.263744E+00 0.429614E-01 0.230024E+00 0.242507E+00 
   500       1220      0 0.679996E-01 -.113378E+00 0.274794E+01 0.290663E+01 0.938000E+00 0.619218E+00 -.683848E+00 0.494872E+01 0.527819E+01 
   501      -1220      0 0.476899E+00 -.329866E+00 -.539400E+01 0.550558E+01 0.938000E+00 0.661652E+00 -.475774E+00 -.989400E+01 0.100304E+02 
   502       2230      0 -.619890E+00 0.117387E+00 -.862035E+01 0.872596E+01 0.119744E+01 -.544686E+00 0.182582E+00 -.113613E+02 0.115012E+02 
   503       1220      0 0.429596E-01 -.566217E+00 -.235042E+01 0.259420E+01 0.939650E+00 0.192833E+00 -.325922E-01 -.216018E+00 0.239159E+00 
   504      -1220      0 -.305280E+00 -.179428E-01 -.709628E+00 0.121657E+01 0.939650E+00 -.101443E+01 -.510975E-01 -.279634E+01 0.479515E+01 
   505       1220      0 -.404235E+00 -.857403E-01 -.157873E+02 0.158205E+02 0.938000E+00 0.688210E-01 0.226676E+00 -.106505E+02 0.106814E+02 
   506      -1220      0 0.697896E-01 -.283346E-02 -.620781E+02 0.620852E+02 0.938000E+00 -.116949E+01 -.422826E-02 -.790622E+03 0.790685E+03 
   507       1120      0 -.764793E+00 -.890592E+00 0.774094E+03 0.774096E+03 0.938000E+00 -.336338E+01 -.163002E+01 0.286313E+04 0.286314E+04 
   508       1120      0 -.104158E-01 0.297784E+00 -.108472E+04 0.108472E+04 0.938000E+00 0.224853E+01 0.167147E+01 -.478632E+04 0.478633E+04 
   509       -120      0 0.552669E+00 -.603940E-01 0.262823E+02 0.262886E+02 0.139570E+00 0.112802E+01 -.656440E-01 0.406920E+02 0.407008E+02 
   510        120      0 -.327912E-01 0.185284E+00 0.865583E+00 0.896484E+00 0.138000E+00 -.177409E+00 0.541554E+00 0.423914E+02 0.425345E+02 
   511        120      0 -.250569E+00 0.652066E+00 0.495048E+01 0.500147E+01 0.139572E+00 -.618268E+00 0.234558E+01 0.175969E+02 0.177773E+02 
   512        110      0 0.470122E-01 -.344827E-01 0.636430E+00 0.653191E+00 0.134970E+00 0.887248E+00 -.423151E+00 0.832482E+01 0.854322E+01 
   513       -120      0 -.188174E+00 -.130720E+00 -.234889E-01 0.268501E+00 0.138000E+00 0.571836E+00 0.130363E+01 -.532127E+00 0.294549E+01 
   514        220      1 0.349778E+00 -.487855E+00 0.217704E+00 0.841364E+00 0.547860E+00 0.136483E+01 -.149586E+01 0.680704E+00 0.262776E+01 
   515       -120      0 0.842994E-02 0.884885E-01 -.144601E+01 0.145530E+01 0.138000E+00 -.367283E+00 0.111144E+01 -.615829E+01 0.636284E+01 
   516        230      1 0.215002E+00 0.276993E+00 -.936446E+01 0.938403E+01 0.497610E+00 0.511835E+00 0.281081E+00 -.285719E+02 0.286017E+02 
   517        220      1 0.400076E+00 -.320453E+00 -.172393E+02 0.172557E+02 0.547856E+00 0.196336E+01 -.132660E+01 -.728646E+02 0.729343E+02 
   518        110      0 -.799800E+00 -.193719E-01 -.294450E+02 0.294562E+02 0.134969E+00 -.609075E+01 -.126261E+00 -.234260E+03 0.234350E+03 
   519        120      0 -.155672E+00 0.142001E+00 -.961890E+01 0.962220E+01 0.138000E+00 -.613900E+01 -.285895E+01 -.111795E+04 0.111806E+04 
   520        110      0 0.424047E-01 -.387482E+00 0.275186E+02 0.275217E+02 0.138000E+00 -.181609E+01 -.218030E+01 0.934150E+03 0.934183E+03 
   521       -120      0 0.962973E+00 0.527617E+00 0.927291E+02 0.927357E+02 0.139570E+00 0.134750E+01 0.654445E+00 0.111571E+03 0.111578E+03 
   522        120      0 -.224876E+00 0.548948E-01 0.528050E+01 0.528737E+01 0.138000E+00 -.127576E+00 -.195648E+01 0.707367E+02 0.708484E+02 
   523        230      1 0.815141E-01 -.135635E+00 0.298991E+02 0.299036E+02 0.497610E+00 0.158847E+00 0.159505E+00 0.117115E+03 0.117155E+03 
   524       -130      0 0.134403E+00 -.298721E+00 0.103801E+01 0.119532E+01 0.494000E+00 0.867446E+00 -.142174E+00 0.246423E+01 0.305882E+01 
   525        120      0 0.192887E+00 -.273271E+00 0.141859E+00 0.388652E+00 0.138000E+00 0.280812E+01 -.584398E+00 -.182714E+01 0.457234E+01 
   526        110      0 -.327898E-01 -.236753E+00 -.751158E+00 0.800256E+00 0.138000E+00 0.130002E+01 -.822924E+00 -.710520E+01 0.744195E+01 
   527        230      1 -.320990E+00 0.197883E+00 -.424068E+02 0.424115E+02 0.497610E+00 -.115746E+01 0.849608E+00 -.177866E+03 0.177886E+03 
   528       -120      0 -.213198E+00 0.694927E+00 0.745904E+03 0.745905E+03 0.139569E+00 -.329187E+01 0.789479E+01 0.846929E+04 0.846929E+04 
   529        120      0 -.255520E-01 -.415045E-01 0.569825E+02 0.569827E+02 0.138000E+00 -.359613E+01 -.165891E+01 0.189873E+04 0.189875E+04 
   530        110      0 0.505621E+00 0.470069E+00 0.143274E+02 0.143446E+02 0.134970E+00 0.369143E+01 0.497627E+01 0.744041E+03 0.744208E+03 
   531       -120      0 0.374418E-02 -.192407E+00 -.781014E+02 0.781017E+02 0.138000E+00 0.205116E+01 -.510520E-02 -.936090E+03 0.936105E+03 
   532        120      0 -.332154E+00 -.250204E+00 -.446518E+02 0.446540E+02 0.138000E+00 0.105240E+01 -.451217E+00 -.108445E+04 0.108448E+04 
   533       -120      0 0.185549E+00 0.128057E+00 -.721569E+01 0.722056E+01 0.139570E+00 0.522848E+01 0.242899E+01 -.850988E+03 0.851097E+03 
   534        120      0 -.540089E-01 -.103675E-01 -.138954E+01 0.139746E+01 0.138000E+00 0.164664E+01 0.209471E+00 -.769498E+03 0.769537E+03 
   535       -120      0 -.182530E+00 -.195042E+00 -.407021E+01 0.408130E+01 0.138000E+00 -.218139E+01 -.314389E+01 -.112417E+04 0.112457E+04 
   536        120      0 0.278036E+00 0.513534E+00 -.136407E+00 0.615364E+00 0.138000E+00 0.571836E+00 0.130363E+01 -.532127E+00 0.294549E+01 
   537        120      0 0.228669E+00 0.212150E+00 0.280079E+00 0.441345E+00 0.138000E+00 0.867446E+00 -.142174E+00 0.246423E+01 0.305882E+01 
   538       -120      0 0.499174E+00 0.113675E+00 -.624826E+00 0.819480E+00 0.138000E+00 0.280812E+01 -.584398E+00 -.182714E+01 0.457234E+01 
   539       -120      0 0.210776E+00 -.458634E+00 0.122883E+01 0.133560E+01 0.138000E+00 0.619218E+00 -.683848E+00 0.494872E+01 0.527819E+01 
   540        110      0 -.111442E-01 -.173328E+00 -.472570E+01 0.473090E+01 0.138000E+00 0.453806E+00 -.257546E+00 -.596285E+01 0.602923E+01 
   541        120      0 -.355928E+00 0.500185E+00 -.190000E+01 0.200148E+01 0.138000E+00 -.367283E+00 0.111144E+01 -.615829E+01 0.636284E+01 
   542       -120      0 0.376000E+00 -.234927E-01 -.144372E+01 0.149843E+01 0.138000E+00 0.130002E+01 -.822924E+00 -.710520E+01 0.744195E+01 
   543        120      0 0.141108E+00 0.618319E-01 -.250792E+01 0.251643E+01 0.138000E+00 0.642955E-01 0.397442E+00 -.107455E+02 0.107801E+02 
   544        110      0 -.111971E+00 -.532908E-01 -.150814E+01 0.151951E+01 0.138000E+00 0.661652E+00 -.475774E+00 -.989400E+01 0.100304E+02 
   545        110      0 -.425491E-02 0.573365E+00 -.555753E+01 0.558873E+01 0.138000E+00 0.770217E-01 0.234915E+00 -.107484E+02 0.107801E+02 
   546        120      0 -.433231E-01 -.954601E-01 -.111192E+02 0.111205E+02 0.138000E+00 0.511835E+00 0.281081E+00 -.285719E+02 0.286017E+02 
   547        110      0 -.689118E-01 -.691261E-01 0.871992E+01 0.872155E+01 0.138000E+00 -.177409E+00 0.541554E+00 0.423914E+02 0.425345E+02 
   548        110      0 0.165533E+00 -.425470E+00 0.798448E+01 0.799871E+01 0.138000E+00 -.127576E+00 -.195648E+01 0.707367E+02 0.708484E+02 
   549        110      0 -.901896E-01 0.176052E+00 0.394087E+01 0.394824E+01 0.138000E+00 0.158847E+00 0.159505E+00 0.117115E+03 0.117155E+03 
   550       -120      0 0.321934E+00 0.341875E+00 -.549679E+02 0.549701E+02 0.138000E+00 0.363129E+00 0.359748E+00 -.125341E+03 0.125347E+03 
   551        120      0 -.172879E+00 -.975536E-02 -.118262E+02 0.118283E+02 0.138000E+00 -.216515E+01 -.842617E+00 -.418064E+03 0.418104E+03 
   552        110      0 -.222361E+00 -.462388E+00 -.111063E+03 0.111064E+03 0.138000E+00 -.125408E+01 -.196484E+01 -.687594E+03 0.687621E+03 
   553        110      0 0.625103E-01 0.105977E+00 -.194853E+02 0.194861E+02 0.138000E+00 0.164664E+01 0.209471E+00 -.769498E+03 0.769537E+03 
   554        110      0 -.191140E+00 0.123630E+00 -.285387E+02 0.285399E+02 0.138000E+00 -.116949E+01 -.422826E-02 -.790622E+03 0.790685E+03 
   555        120      0 -.268064E+00 0.139879E+00 0.776203E+02 0.776210E+02 0.138000E+00 -.181609E+01 -.218030E+01 0.934150E+03 0.934183E+03 
   556        110      0 0.838787E+00 0.299434E+00 -.365002E+03 0.365003E+03 0.138000E+00 0.205116E+01 -.510520E-02 -.936090E+03 0.936105E+03 
   557        110      0 0.215189E+00 0.169875E+00 -.319842E+02 0.319857E+02 0.138000E+00 0.105240E+01 -.451217E+00 -.108445E+04 0.108448E+04 
   558        110      0 -.225618E+00 -.167391E+00 -.164167E+02 0.164197E+02 0.138000E+00 -.613900E+01 -.285895E+01 -.111795E+04 0.111806E+04 
   559       -120      0 -.559233E-01 -.196451E+00 -.509678E+02 0.509684E+02 0.138000E+00 -.613900E+01 -.285895E+01 -.111795E+04 0.111806E+04 
   560        120      0 -.144550E+00 0.806523E-01 -.553690E+01 0.554110E+01 0.138000E+00 -.218139E+01 -.314389E+01 -.112417E+04 0.112457E+04 
   561        110      0 0.155081E+00 -.250662E-01 -.908433E+01 0.908674E+01 0.138000E+00 -.218139E+01 -.314389E+01 -.112417E+04 0.112457E+04 
   562        110      0 0.854345E-01 0.716648E-01 0.387626E+02 0.387630E+02 0.138000E+00 -.359613E+01 -.165891E+01 0.189873E+04 0.189875E+04 
   563       -120      0 -.525803E+00 -.437753E+00 0.139694E+03 0.139696E+03 0.138000E+00 -.359613E+01 -.165891E+01 0.189873E+04 0.189875E+04 
   564        120      0 -.487549E+00 -.299373E+00 0.443333E+03 0.443333E+03 0.138000E+00 -.336338E+01 -.163002E+01 0.286313E+04 0.286314E+04 
   565        110      0 0.230441E+00 0.310810E+00 -.348188E+03 0.348189E+03 0.138000E+00 0.224853E+01 0.167147E+01 -.478632E+04 0.478633E+04 
   566      11100      9 0.898624E-01 0.382814E+00 -.159896E+00 0.878379E+00 0.769000E+00 0.100000E-29 0.100000E-29 0.100000E-29 0.939169E+00 
   567     -23100      9 0.363072E+00 -.865710E-01 0.131809E+01 0.163527E+01 0.893000E+00 0.100000E-29 0.100000E-29 0.100000E-29 0.628726E+00 
   568      11100      9 0.692061E+00 -.159596E+00 -.482967E+00 0.115284E+01 0.769000E+00 0.100000E-29 0.100000E-29 0.100000E-29 0.633162E+00 
   569     222100      9 0.278776E+00 -.572012E+00 0.397677E+01 0.421159E+01 0.123200E+01 0.100000E-29 0.100000E-29 0.100000E-29 0.257657E+01 
   570      11100      9 -.347498E+00 0.588673E+00 -.334601E+01 0.350064E+01 0.769000E+00 0.100000E-29 0.100000E-29 0.100000E-29 0.374247E+01 
   571     -12100      9 0.343210E+00 -.260246E+00 -.219488E+01 0.236524E+01 0.769000E+00 0.100000E-29 0.100000E-29 0.100000E-29 0.457416E+01 
   572    -122101      9 0.364928E+00 -.383157E+00 -.690215E+01 0.703118E+01 0.123200E+01 0.100000E-29 0.100000E-29 0.100000E-29 0.602923E+01 
   573      13100      9 0.171679E+00 0.181533E+00 -.204836E+02 0.205046E+02 0.893000E+00 0.100000E-29 0.100000E-29 0.100000E-29 0.121878E+02 
   574      12100      9 -.101703E+00 0.116158E+00 0.958550E+01 0.961754E+01 0.769000E+00 0.100000E-29 0.100000E-29 0.100000E-29 0.231203E+02 
   575      12100      9 -.593426E-01 -.370575E+00 0.132650E+02 0.132925E+02 0.769000E+00 0.100000E-29 0.100000E-29 0.100000E-29 0.170689E+02 
   576      23101      9 -.867544E-02 0.404178E-01 0.338400E+02 0.338518E+02 0.893000E+00 0.100000E-29 0.100000E-29 0.100000E-29 0.367604E+01 
   577      11100      9 0.614789E-01 0.224790E+00 -.848950E+02 0.848988E+02 0.769000E+00 0.100000E-29 0.100000E-29 0.100000E-29 0.312966E+02 
   578    -122100      9 -.317363E+00 -.145205E+00 -.101423E+03 0.101431E+03 0.123200E+01 0.100000E-29 0.100000E-29 0.100000E-29 0.172568E+03 
   579      12100      9 -.244898E+00 -.336804E+00 -.116699E+03 0.116702E+03 0.769000E+00 0.100000E-29 0.100000E-29 0.100000E-29 0.146080E+03 
   580      12100      9 0.850133E-02 0.956092E-01 -.208748E+02 0.208892E+02 0.769000E+00 0.100000E-29 0.100000E-29 0.100000E-29 0.743996E+03 
   581    -122101      9 -.121350E+00 0.120796E+00 -.906168E+02 0.906253E+02 0.123200E+01 0.100000E-29 0.100000E-29 0.100000E-29 0.771981E+03 
   582      12100      9 -.225659E+00 -.247603E+00 0.105139E+03 0.105142E+03 0.769000E+00 0.100000E-29 0.100000E-29 0.100000E-29 0.537093E+03 
   583     -12100      9 0.842531E+00 0.107027E+00 -.443104E+03 0.443105E+03 0.769000E+00 0.100000E-29 0.100000E-29 0.100000E-29 0.746658E+03 
   584      12100      9 -.116965E+00 -.803291E-01 -.766360E+02 0.766400E+02 0.769000E+00 0.100000E-29 0.100000E-29 0.100000E-29 0.767590E+03 
   585      12100      9 -.437213E+00 -.221841E+00 -.770034E+02 0.770088E+02 0.769000E+00 0.100000E-29 0.100000E-29 0.100000E-29 0.418104E+03 
   586      12100      9 -.171999E+00 -.139456E+00 -.186914E+02 0.187086E+02 0.769000E+00 0.100000E-29 0.100000E-29 0.100000E-29 0.721514E+03 
   587      12100      9 -.465921E+00 -.407593E+00 0.235439E+03 0.235442E+03 0.769000E+00 0.100000E-29 0.100000E-29 0.100000E-29 0.964581E+03 
   588     111100      9 -.125234E+01 -.118997E+01 0.121743E+04 0.121743E+04 0.123200E+01 0.100000E-29 0.100000E-29 0.100000E-29 0.154176E+04 
   589     112101      9 0.220025E+00 0.608594E+00 -.143291E+04 0.143291E+04 0.123200E+01 0.100000E-29 0.100000E-29 0.100000E-29 0.102981E+04 
   590        110      0 0.137656E+00 -.692280E-01 -.610735E-01 0.213749E+00 0.134970E+00 0.242499E+06 -.338227E+06 0.150933E+06 0.583312E+06 
   591        110      0 0.924134E-01 -.231736E+00 0.225693E+00 0.362486E+00 0.134970E+00 0.242499E+06 -.338227E+06 0.150933E+06 0.583312E+06 
   592        110      0 0.119708E+00 -.186891E+00 0.530850E-01 0.265128E+00 0.134970E+00 0.242499E+06 -.338227E+06 0.150933E+06 0.583312E+06 
   593         20      0 0.215002E+00 0.276993E+00 -.936446E+01 0.938403E+01 0.494000E+00 0.101281E+03 0.130105E+03 -.441758E+04 0.442679E+04 
   594       -120      0 0.629371E-02 -.101786E+00 -.628390E+01 0.628627E+01 0.139570E+00 0.588442E+05 -.471328E+05 -.253559E+07 0.253799E+07 
   595        110      0 0.196510E+00 -.152993E+00 -.722145E+01 0.722700E+01 0.134970E+00 0.588442E+05 -.471328E+05 -.253559E+07 0.253799E+07 
   596        120      0 0.197272E+00 -.656740E-01 -.373399E+01 0.374238E+01 0.139570E+00 0.588442E+05 -.471328E+05 -.253559E+07 0.253799E+07 
   597        -20      0 0.815141E-01 -.135635E+00 0.298991E+02 0.299036E+02 0.494000E+00 0.401960E+02 -.664599E+02 0.148026E+05 0.148048E+05 
   598         20      0 -.320990E+00 0.197883E+00 -.424068E+02 0.424114E+02 0.497610E+00 -.117209E+03 0.723930E+02 -.155098E+05 0.155115E+05 
   599       1220      8 -.966914E-02 0.386168E-01 0.251000E+04 0.251000E+04 0.939650E+00 -.130912E+01 0.233477E+00 0.347865E+04 0.347865E+04 
   600       1220      8 -.633711E-01 -.385897E-02 0.251000E+04 0.251000E+04 0.939650E+00 -.861159E+00 -.703359E+00 0.150548E+04 0.150548E+04 
   601       1120      8 -.483881E-01 0.651169E-01 0.251000E+04 0.251000E+04 0.938270E+00 -.135674E+01 0.308972E+00 0.177705E+04 0.177705E+04 
   602       1120      8 0.468821E-02 0.291831E-01 -.251000E+04 0.251000E+04 0.938270E+00 0.123008E+01 0.265777E+01 -.122836E+05 0.122836E+05 
   603       1220      8 -.424582E-01 0.568267E-02 -.251000E+04 0.251000E+04 0.939650E+00 0.828426E+00 0.651768E+00 -.292103E+04 0.292103E+04 
   604       1220      8 0.554023E-02 0.341598E-01 -.251000E+04 0.251000E+04 0.939650E+00 0.122340E+01 -.373976E-01 -.311849E+04 0.311849E+04 
   605       1220      8 0.728120E-02 -.221327E-02 -.251000E+04 0.251000E+04 0.939650E+00 0.156764E+01 0.760453E+00 -.142594E+04 0.142595E+04 
   606       -120      8 0.552669E+00 -.603940E-01 0.262823E+02 0.262886E+02 0.139570E+00 0.112802E+01 -.656440E-01 0.406920E+02 0.407008E+02 
   607        121      6 -.101703E+00 0.116158E+00 0.958550E+01 0.966018E+01 0.118886E+01 0.278804E-01 0.307087E+00 0.230429E+02 0.231203E+02 
   608      -1220      8 -.104679E+00 0.183485E+00 0.278578E+01 0.294756E+01 0.939650E+00 0.263744E+00 0.429614E-01 0.230024E+00 0.242507E+00 
   609       2221      6 0.278776E+00 -.572012E+00 0.397677E+01 0.424224E+01 0.133302E+01 0.441683E+00 -.319570E+00 0.241616E+01 0.257657E+01 
   610        120      8 -.250569E+00 0.652066E+00 0.495048E+01 0.500147E+01 0.139572E+00 -.618268E+00 0.234558E+01 0.175969E+02 0.177773E+02 
   611        110      8 0.470122E-01 -.344827E-01 0.636430E+00 0.653191E+00 0.134970E+00 0.887248E+00 -.423151E+00 0.832482E+01 0.854322E+01 
   612        111      6 0.898624E-01 0.382814E+00 -.159896E+00 0.777199E+00 0.651038E+00 0.367854E+00 0.434665E+00 -.169171E+00 0.939169E+00 
   613        220      6 0.349778E+00 -.487855E+00 0.217704E+00 0.841363E+00 0.547860E+00 0.136483E+01 -.149586E+01 0.680704E+00 0.262776E+01 
   614        111      6 -.347498E+00 0.588673E+00 -.334601E+01 0.352003E+01 0.852934E+00 -.103867E+00 0.665201E+00 -.362189E+01 0.374247E+01 
   615      -1225      6 0.353784E+00 -.556485E+00 -.116278E+02 0.117560E+02 0.160052E+01 0.451829E+00 -.254437E+00 -.589789E+01 0.596355E+01 
   616       2230      8 -.619890E+00 0.117387E+00 -.862035E+01 0.872596E+01 0.119744E+01 -.544686E+00 0.182582E+00 -.113613E+02 0.115012E+02 
   617        131      6 0.171679E+00 0.181533E+00 -.204836E+02 0.205120E+02 0.104882E+01 0.374406E+00 0.135763E+00 -.121747E+02 0.121878E+02 
   618        220      6 0.400076E+00 -.320453E+00 -.172393E+02 0.172556E+02 0.547866E+00 0.196336E+01 -.132660E+01 -.728646E+02 0.729343E+02 
   619        110      8 -.799800E+00 -.193719E-01 -.294450E+02 0.294562E+02 0.134969E+00 -.609075E+01 -.126261E+00 -.234260E+03 0.234350E+03 
   620        111      6 0.614789E-01 0.224790E+00 -.848950E+02 0.848996E+02 0.859731E+00 0.295023E+00 0.110726E+00 -.312946E+02 0.312966E+02 
   621        221      6 -.391543E+00 -.911787E-01 -.723870E+02 0.723924E+02 0.786579E+00 -.291530E-01 -.423533E-01 -.557418E+02 0.557474E+02 
   622        121      6 -.225659E+00 -.247603E+00 0.105139E+03 0.105143E+03 0.831055E+00 -.963845E+00 -.124518E+01 0.537073E+03 0.537093E+03 
   623       -120      8 0.962973E+00 0.527617E+00 0.927291E+02 0.927357E+02 0.139570E+00 0.134750E+01 0.654445E+00 0.111571E+03 0.111578E+03 
   624        121      6 -.593426E-01 -.370575E+00 0.132650E+02 0.132861E+02 0.647682E+00 0.112632E+00 -.456462E+00 0.170427E+02 0.170689E+02 
   625        231      6 -.867544E-02 0.404178E-01 0.338400E+02 0.338471E+02 0.695236E+00 0.187929E+00 0.240153E-01 0.367558E+01 0.367604E+01 
   626       -231      6 0.363072E+00 -.865710E-01 0.131809E+01 0.165027E+01 0.920168E+00 0.328364E+00 -.136347E-01 0.507159E+00 0.628726E+00 
   627        111      6 0.692061E+00 -.159596E+00 -.482967E+00 0.118334E+01 0.814009E+00 0.551619E+00 -.640270E-01 -.252404E+00 0.633162E+00 
   628       1220      8 0.429596E-01 -.566217E+00 -.235042E+01 0.259420E+01 0.939650E+00 0.192833E+00 -.325922E-01 -.216018E+00 0.239159E+00 
   629      -1220      8 -.305280E+00 -.179428E-01 -.709628E+00 0.121657E+01 0.939650E+00 -.101443E+01 -.510975E-01 -.279634E+01 0.479515E+01 
   630       -121      6 0.343210E+00 -.260246E+00 -.219488E+01 0.229869E+01 0.530054E+00 0.871838E+00 -.498247E+00 -.436693E+01 0.457416E+01 
   631        120      8 -.245363E-01 0.459546E-01 -.210434E+01 0.210961E+01 0.139570E+00 0.145016E+00 0.101763E+00 -.376042E+01 0.377050E+01 
   632       1226      6 -.242846E+00 0.503502E+00 -.217484E+02 0.218161E+02 0.162370E+01 0.161393E+00 0.765981E-01 -.246011E+01 0.246843E+01 
   633      -1120      8 -.569074E-01 -.281206E-01 -.714963E+02 0.715025E+02 0.938270E+00 0.609587E-01 -.435813E-01 -.160703E+03 0.160718E+03 
   634        121      6 -.244898E+00 -.336804E+00 -.116699E+03 0.116703E+03 0.924346E+00 -.117674E+00 -.401960E+00 -.146074E+03 0.146080E+03 
   635        230      6 -.320990E+00 0.197883E+00 -.424068E+02 0.424114E+02 0.497610E+00 -.115746E+01 0.849608E+00 -.177866E+03 0.177886E+03 
   636       1111      6 -.125234E+01 -.118997E+01 0.121743E+04 0.121743E+04 0.123482E+01 -.200410E+01 -.338444E+00 0.154175E+04 0.154176E+04 
   637       -120      8 -.213198E+00 0.694927E+00 0.745904E+03 0.745905E+03 0.139569E+00 -.329187E+01 0.789479E+01 0.846929E+04 0.846929E+04 
   638        221      6 -.465921E+00 -.407593E+00 0.235439E+03 0.235442E+03 0.785600E+00 -.174748E+01 -.416870E-01 0.964572E+03 0.964581E+03 
   639        110      8 0.505621E+00 0.470069E+00 0.143274E+02 0.143446E+02 0.134970E+00 0.369143E+01 0.497627E+01 0.744041E+03 0.744208E+03 
   640       1121      6 0.220025E+00 0.608594E+00 -.143290E+04 0.143291E+04 0.124708E+01 0.167171E+01 0.759711E-01 -.102980E+04 0.102981E+04 
   641       -121      6 0.842531E+00 0.107027E+00 -.443104E+03 0.443105E+03 0.763491E+00 0.169094E+01 -.508638E-01 -.746644E+03 0.746658E+03 
   642        121      6 -.116965E+00 -.803291E-01 -.766360E+02 0.766396E+02 0.731489E+00 0.153602E+01 -.119075E+00 -.767574E+03 0.767590E+03 
   643       -120      8 0.185549E+00 0.128057E+00 -.721569E+01 0.722056E+01 0.139570E+00 0.522848E+01 0.242899E+01 -.850988E+03 0.851097E+03 
   644        121      6 0.850133E-02 0.956092E-01 -.208748E+02 0.208836E+02 0.598391E+00 0.163624E+01 0.925390E-01 -.743968E+03 0.743996E+03 
   645        221      6 -.171999E+00 -.139456E+00 -.186914E+02 0.187088E+02 0.774541E+00 0.152404E+01 -.139540E+00 -.721490E+03 0.721514E+03 
   646        120      8 -.915567E-01 0.929190E-01 0.210857E+00 0.284529E+00 0.139570E+00 -.223073E+00 0.593709E+00 0.466952E+02 0.469569E+02 
   647        110      8 -.101463E-01 0.232390E-01 0.937464E+01 0.937565E+01 0.134970E+00 -.223073E+00 0.593709E+00 0.466952E+02 0.469569E+02 
   648       1220      8 0.147711E+00 -.266077E+00 0.197521E+01 0.220839E+01 0.939650E+00 0.442921E+00 -.322108E+00 0.243381E+01 0.259540E+01 
   649       -120      8 0.131065E+00 -.305935E+00 0.200157E+01 0.203384E+01 0.139570E+00 0.442921E+00 -.322108E+00 0.243381E+01 0.259540E+01 
   650       -120      8 -.234585E+00 0.161794E+00 -.170895E+00 0.360406E+00 0.139570E+00 0.592243E+00 0.139056E+01 -.568437E+00 0.287986E+01 
   651        120      8 0.324448E+00 0.221019E+00 0.109984E-01 0.416793E+00 0.139570E+00 0.592243E+00 0.139056E+01 -.568437E+00 0.287986E+01 
   652        110      8 -.110435E-01 -.604510E-01 0.139580E+00 0.203656E+00 0.134970E+00 0.251735E+06 -.351109E+06 0.156682E+06 0.605529E+06 
   653        110      8 0.120785E+00 -.216382E+00 0.451721E-03 0.282183E+00 0.134970E+00 0.251735E+06 -.351109E+06 0.156682E+06 0.605529E+06 
   654        110      8 0.240037E+00 -.211022E+00 0.776730E-01 0.355525E+00 0.134970E+00 0.251735E+06 -.351109E+06 0.156682E+06 0.605529E+06 
   655       -120      8 -.586322E-01 -.167903E+00 -.378944E+00 0.441257E+00 0.139570E+00 -.619191E+00 0.153818E+01 -.858388E+01 0.896251E+01 
   656        120      8 -.288866E+00 0.756575E+00 -.296707E+01 0.307877E+01 0.139570E+00 -.619191E+00 0.153818E+01 -.858388E+01 0.896251E+01 
   657      -1220      8 -.107405E+00 -.460234E+00 -.582207E+01 0.591632E+01 0.939650E+00 0.556582E+00 -.419208E+00 -.934081E+01 0.944442E+01 
   658        110      8 0.158089E+00 -.188318E+00 -.230374E+01 0.232075E+01 0.134970E+00 0.556582E+00 -.419208E+00 -.934081E+01 0.944442E+01 
   659        110      8 0.303100E+00 0.920665E-01 -.350203E+01 0.351892E+01 0.134970E+00 0.556582E+00 -.419208E+00 -.934081E+01 0.944442E+01 
   660        230      6 0.437871E+00 0.357047E-01 -.944273E+01 0.946606E+01 0.497610E+00 0.264631E+01 0.253807E+01 -.283243E+03 0.283631E+03 
   661        120      8 -.266192E+00 0.145828E+00 -.110409E+02 0.110459E+02 0.139570E+00 0.264631E+01 0.253807E+01 -.283243E+03 0.283631E+03 
   662       -120      8 0.164205E+00 -.867529E-01 -.473809E+01 0.474379E+01 0.139570E+00 0.366700E+05 -.293717E+05 -.158010E+07 0.158160E+07 
   663        110      8 0.570295E-01 0.349235E-01 -.257522E+01 0.257962E+01 0.134970E+00 0.366700E+05 -.293717E+05 -.158010E+07 0.158160E+07 
   664        120      8 0.178841E+00 -.268624E+00 -.992602E+01 0.993225E+01 0.139570E+00 0.366700E+05 -.293717E+05 -.158010E+07 0.158160E+07 
   665       -120      8 0.235997E+00 -.124290E+00 -.631831E+02 0.631838E+02 0.139570E+00 0.496478E+00 0.847321E+00 -.309480E+03 0.309497E+03 
   666        120      8 -.174519E+00 0.349080E+00 -.217119E+02 0.217158E+02 0.139570E+00 0.496478E+00 0.847321E+00 -.309480E+03 0.309497E+03 
   667       -120      8 -.141739E+00 0.154896E+00 -.184985E+02 0.185002E+02 0.139570E+00 -.102003E+01 -.273098E+00 -.238931E+03 0.238950E+03 
   668        110      8 0.121502E+00 -.879457E-01 -.180515E+02 0.180527E+02 0.134970E+00 -.102003E+01 -.273098E+00 -.238931E+03 0.238950E+03 
   669        120      8 -.371306E+00 -.158129E+00 -.358370E+02 0.358396E+02 0.139570E+00 -.102003E+01 -.273098E+00 -.238931E+03 0.238950E+03 
   670        120      8 -.262092E+00 -.441462E+00 0.420533E+02 0.420566E+02 0.139570E+00 -.130854E+01 -.162340E+01 0.697675E+03 0.697700E+03 
   671        110      8 0.364334E-01 0.193859E+00 0.630856E+02 0.630861E+02 0.134970E+00 -.130854E+01 -.162340E+01 0.697675E+03 0.697700E+03 
   672        120      8 -.159881E+00 -.170729E+00 0.113606E+02 0.113639E+02 0.139570E+00 0.461334E-01 -.871724E+00 0.319072E+02 0.319571E+02 
   673        110      8 0.100539E+00 -.199846E+00 0.190435E+01 0.192219E+01 0.134970E+00 0.461334E-01 -.871724E+00 0.319072E+02 0.319571E+02 
   674       -120      8 -.743398E-01 0.298452E-01 0.139546E+02 0.139556E+02 0.139570E+00 0.147697E+00 0.211450E+00 0.160606E+03 0.160640E+03 
   675        130      8 0.656643E-01 0.105726E-01 0.198853E+02 0.198916E+02 0.493680E+00 0.147697E+00 0.211450E+00 0.160606E+03 0.160640E+03 
   676        120      8 0.730514E-01 0.319052E-01 0.940756E+00 0.954388E+00 0.139570E+00 0.610936E+00 -.810111E-01 0.153300E+01 0.191309E+01 
   677       -130      8 0.290021E+00 -.118476E+00 0.377333E+00 0.695880E+00 0.493680E+00 0.610936E+00 -.810111E-01 0.153300E+01 0.191309E+01 
   678       -120      8 0.447287E+00 0.436878E-01 0.121597E+00 0.486045E+00 0.139570E+00 0.806227E+00 -.122742E+00 -.430087E+00 0.106851E+01 
   679        120      8 0.244774E+00 -.203284E+00 -.604564E+00 0.697292E+00 0.139570E+00 0.806227E+00 -.122742E+00 -.430087E+00 0.106851E+01 
   680       -120      8 0.407125E+00 -.644868E-01 -.147557E+01 0.153841E+01 0.139570E+00 0.114413E+01 -.704721E+00 -.610830E+01 0.639789E+01 
   681        110      8 -.639149E-01 -.195759E+00 -.719306E+00 0.760280E+00 0.134970E+00 0.114413E+01 -.704721E+00 -.610830E+01 0.639789E+01 
