# OSC1999A
# full_event_history
# EPOS      3.451  
# (208, 82)+(208, 82)  nncm  0.5020E+04         1
   719      0      1 0.175795E+02 0.315234E+01 
     1       1120      0 0.000000E+00 0.000000E+00 0.251000E+04 0.251000E+04 0.938270E+00 -.886653E+01 -.457067E+01 0.299277E-03 0.000000E+00 
     2       1220      0 0.000000E+00 0.000000E+00 0.251000E+04 0.251000E+04 0.939650E+00 -.144953E+02 -.336251E+01 0.209540E-03 0.000000E+00 
     3       1120      0 0.000000E+00 0.000000E+00 0.251000E+04 0.251000E+04 0.938270E+00 -.125604E+02 -.284305E+01 0.833682E-03 0.000000E+00 
     4       1220      0 0.000000E+00 0.000000E+00 0.251000E+04 0.251000E+04 0.939650E+00 -.657138E+01 -.574224E+00 0.126507E-03 0.000000E+00 
     5       1220      0 0.000000E+00 0.000000E+00 0.251000E+04 0.251000E+04 0.939650E+00 -.465764E+01 0.247953E+01 -.811529E-03 0.000000E+00 
     6       1220      0 0.000000E+00 0.000000E+00 0.251000E+04 0.251000E+04 0.939650E+00 -.530301E+01 0.533030E+00 -.658742E-03 0.000000E+00 
     7       1220      1 0.000000E+00 0.000000E+00 0.251000E+04 0.251000E+04 0.939650E+00 -.136045E+01 0.833311E+00 -.590445E-03 0.000000E+00 
     8       1120      0 0.000000E+00 0.000000E+00 0.251000E+04 0.251000E+04 0.938270E+00 -.723499E+01 0.186998E+01 0.300525E-03 0.000000E+00 
     9       1220      0 0.000000E+00 0.000000E+00 0.251000E+04 0.251000E+04 0.939650E+00 -.124054E+02 0.400255E+01 -.139563E-02 0.000000E+00 
    10       1220      0 0.000000E+00 0.000000E+00 0.251000E+04 0.251000E+04 0.939650E+00 -.136511E+02 -.104018E+01 0.657849E-03 0.000000E+00 
    11       1120      0 0.000000E+00 0.000000E+00 0.251000E+04 0.251000E+04 0.938270E+00 -.519675E+01 -.515524E+01 0.133390E-03 0.000000E+00 
    12       1120      0 0.000000E+00 0.000000E+00 0.251000E+04 0.251000E+04 0.938270E+00 -.356132E+01 0.618293E+01 0.428424E-03 0.000000E+00 
    13       1120      0 0.000000E+00 0.000000E+00 0.251000E+04 0.251000E+04 0.938270E+00 -.892921E+01 -.273564E+01 -.148950E-02 0.000000E+00 
    14       1220      0 0.000000E+00 0.000000E+00 0.251000E+04 0.251000E+04 0.939650E+00 -.118375E+02 -.202036E+01 -.524339E-03 0.000000E+00 
    15       1120      0 0.000000E+00 0.000000E+00 0.251000E+04 0.251000E+04 0.938270E+00 -.122387E+02 -.685335E+00 0.734728E-03 0.000000E+00 
    16       1220      0 0.000000E+00 0.000000E+00 0.251000E+04 0.251000E+04 0.939650E+00 -.105310E+02 0.328351E+01 -.100004E-02 0.000000E+00 
    17       1120      0 0.000000E+00 0.000000E+00 0.251000E+04 0.251000E+04 0.938270E+00 -.116187E+02 0.176835E+01 0.193565E-02 0.000000E+00 
    18       1220      0 0.000000E+00 0.000000E+00 0.251000E+04 0.251000E+04 0.939650E+00 -.416939E+01 0.277920E+01 0.112635E-02 0.000000E+00 
    19       1120      0 0.000000E+00 0.000000E+00 0.251000E+04 0.251000E+04 0.938270E+00 -.507159E+01 -.361840E+01 0.666239E-03 0.000000E+00 
    20       1120      0 0.000000E+00 0.000000E+00 0.251000E+04 0.251000E+04 0.938270E+00 -.108215E+02 0.185782E+01 0.280529E-03 0.000000E+00 
    21       1220      0 0.000000E+00 0.000000E+00 0.251000E+04 0.251000E+04 0.939650E+00 -.797260E+01 -.150699E+01 -.933881E-03 0.000000E+00 
    22       1220      0 0.000000E+00 0.000000E+00 0.251000E+04 0.251000E+04 0.939650E+00 -.139684E+02 0.239662E+01 -.109028E-02 0.000000E+00 
    23       1120      0 0.000000E+00 0.000000E+00 0.251000E+04 0.251000E+04 0.938270E+00 -.799889E+01 -.632681E+00 -.821089E-03 0.000000E+00 
    24       1220      0 0.000000E+00 0.000000E+00 0.251000E+04 0.251000E+04 0.939650E+00 -.722917E+01 0.222739E+01 -.113256E-02 0.000000E+00 
    25       1120      0 0.000000E+00 0.000000E+00 0.251000E+04 0.251000E+04 0.938270E+00 -.977594E+01 0.289542E+01 -.263099E-03 0.000000E+00 
    26       1220      0 0.000000E+00 0.000000E+00 0.251000E+04 0.251000E+04 0.939650E+00 -.554263E+01 0.406220E+01 -.816572E-03 0.000000E+00 
    27       1220      0 0.000000E+00 0.000000E+00 0.251000E+04 0.251000E+04 0.939650E+00 -.132721E+02 -.591192E+00 -.212120E-03 0.000000E+00 
    28       1220      0 0.000000E+00 0.000000E+00 0.251000E+04 0.251000E+04 0.939650E+00 -.100309E+02 0.968973E-01 0.290106E-02 0.000000E+00 
    29       1220      0 0.000000E+00 0.000000E+00 0.251000E+04 0.251000E+04 0.939650E+00 -.135834E+02 0.542086E+00 -.444860E-03 0.000000E+00 
    30       1120      0 0.000000E+00 0.000000E+00 0.251000E+04 0.251000E+04 0.938270E+00 -.514509E+01 0.302736E+01 -.111641E-02 0.000000E+00 
    31       1120      0 0.000000E+00 0.000000E+00 0.251000E+04 0.251000E+04 0.938270E+00 -.951726E+01 0.320134E+01 0.126109E-02 0.000000E+00 
    32       1220      0 0.000000E+00 0.000000E+00 0.251000E+04 0.251000E+04 0.939650E+00 -.134866E+02 -.213290E+01 -.158887E-02 0.000000E+00 
    33       1220      0 0.000000E+00 0.000000E+00 0.251000E+04 0.251000E+04 0.939650E+00 -.815531E+01 -.133951E+01 -.147806E-03 0.000000E+00 
    34       1220      0 0.000000E+00 0.000000E+00 0.251000E+04 0.251000E+04 0.939650E+00 -.119290E+02 0.100288E+01 0.112883E-02 0.000000E+00 
    35       1120      0 0.000000E+00 0.000000E+00 0.251000E+04 0.251000E+04 0.938270E+00 -.117442E+02 -.473630E+01 -.327590E-03 0.000000E+00 
    36       1120      0 0.000000E+00 0.000000E+00 0.251000E+04 0.251000E+04 0.938270E+00 -.670267E+01 0.796405E+00 -.142492E-02 0.000000E+00 
    37       1120      0 0.000000E+00 0.000000E+00 0.251000E+04 0.251000E+04 0.938270E+00 -.870978E+01 -.509620E+01 -.738355E-03 0.000000E+00 
    38       1220      0 0.000000E+00 0.000000E+00 0.251000E+04 0.251000E+04 0.939650E+00 -.120905E+02 -.752051E+00 0.188062E-02 0.000000E+00 
    39       1120      0 0.000000E+00 0.000000E+00 0.251000E+04 0.251000E+04 0.938270E+00 -.139106E+02 0.762793E+00 0.127249E-02 0.000000E+00 
    40       1120      0 0.000000E+00 0.000000E+00 0.251000E+04 0.251000E+04 0.938270E+00 -.990391E+01 0.133944E+01 -.708555E-03 0.000000E+00 
    41       1220      0 0.000000E+00 0.000000E+00 0.251000E+04 0.251000E+04 0.939650E+00 -.117453E+02 0.335665E+00 -.511681E-03 0.000000E+00 
    42       1220      0 0.000000E+00 0.000000E+00 0.251000E+04 0.251000E+04 0.939650E+00 -.912640E+01 0.974812E+00 0.759438E-04 0.000000E+00 
    43       1120      0 0.000000E+00 0.000000E+00 0.251000E+04 0.251000E+04 0.938270E+00 -.713173E+01 -.547727E+01 0.398224E-03 0.000000E+00 
    44       1220      0 0.000000E+00 0.000000E+00 0.251000E+04 0.251000E+04 0.939650E+00 -.588057E+01 0.439838E+01 -.103962E-02 0.000000E+00 
    45       1120      0 0.000000E+00 0.000000E+00 0.251000E+04 0.251000E+04 0.938270E+00 -.123764E+02 -.159564E+01 -.635694E-03 0.000000E+00 
    46       1220      0 0.000000E+00 0.000000E+00 0.251000E+04 0.251000E+04 0.939650E+00 -.589712E+01 0.386754E+01 -.127108E-02 0.000000E+00 
    47       1120      0 0.000000E+00 0.000000E+00 0.251000E+04 0.251000E+04 0.938270E+00 -.878773E+01 0.345969E+01 -.120032E-02 0.000000E+00 
    48       1120      0 0.000000E+00 0.000000E+00 0.251000E+04 0.251000E+04 0.938270E+00 -.111571E+02 -.366576E-01 -.220727E-02 0.000000E+00 
    49       1220      0 0.000000E+00 0.000000E+00 0.251000E+04 0.251000E+04 0.939650E+00 -.947201E+01 -.659179E+01 0.518971E-03 0.000000E+00 
    50       1220      0 0.000000E+00 0.000000E+00 0.251000E+04 0.251000E+04 0.939650E+00 -.142359E+02 -.843559E-01 -.558613E-03 0.000000E+00 
    51       1120      0 0.000000E+00 0.000000E+00 0.251000E+04 0.251000E+04 0.938270E+00 -.724226E+01 -.213780E+01 0.417850E-03 0.000000E+00 
    52       1220      0 0.000000E+00 0.000000E+00 0.251000E+04 0.251000E+04 0.939650E+00 -.106443E+02 -.153878E+01 0.113790E-02 0.000000E+00 
    53       1220      0 0.000000E+00 0.000000E+00 0.251000E+04 0.251000E+04 0.939650E+00 -.254354E+01 0.257466E+00 -.238596E-03 0.000000E+00 
    54       1220      0 0.000000E+00 0.000000E+00 0.251000E+04 0.251000E+04 0.939650E+00 -.744862E+01 -.635556E+01 0.590443E-03 0.000000E+00 
    55       1120      0 0.000000E+00 0.000000E+00 0.251000E+04 0.251000E+04 0.938270E+00 -.120999E+02 0.115694E+00 -.130564E-02 0.000000E+00 
    56       1220      0 0.000000E+00 0.000000E+00 0.251000E+04 0.251000E+04 0.939650E+00 -.107905E+02 0.237705E+01 -.197881E-02 0.000000E+00 
    57       1120      0 0.000000E+00 0.000000E+00 0.251000E+04 0.251000E+04 0.938270E+00 -.908211E+01 0.113453E+01 0.194693E-02 0.000000E+00 
    58       1220      0 0.000000E+00 0.000000E+00 0.251000E+04 0.251000E+04 0.939650E+00 -.781216E+01 -.536817E+01 -.968911E-04 0.000000E+00 
    59       1120      0 0.000000E+00 0.000000E+00 0.251000E+04 0.251000E+04 0.938270E+00 -.133651E+02 -.196626E+01 0.263551E-02 0.000000E+00 
    60       1220      0 0.000000E+00 0.000000E+00 0.251000E+04 0.251000E+04 0.939650E+00 -.128631E+02 -.173743E+01 0.431555E-03 0.000000E+00 
    61       1220      0 0.000000E+00 0.000000E+00 0.251000E+04 0.251000E+04 0.939650E+00 -.842658E+01 0.355857E+01 -.144712E-02 0.000000E+00 
    62       1220      0 0.000000E+00 0.000000E+00 0.251000E+04 0.251000E+04 0.939650E+00 -.971598E+01 0.349487E+01 -.141943E-02 0.000000E+00 
    63       1120      0 0.000000E+00 0.000000E+00 0.251000E+04 0.251000E+04 0.938270E+00 -.130797E+02 -.304461E+01 0.407984E-03 0.000000E+00 
    64       1120      0 0.000000E+00 0.000000E+00 0.251000E+04 0.251000E+04 0.938270E+00 -.836572E+01 0.418957E+01 -.351674E-03 0.000000E+00 
    65       1220      0 0.000000E+00 0.000000E+00 0.251000E+04 0.251000E+04 0.939650E+00 -.714926E+01 0.587541E+00 -.432232E-03 0.000000E+00 
    66       1120      0 0.000000E+00 0.000000E+00 0.251000E+04 0.251000E+04 0.938270E+00 -.527884E+01 0.118847E+01 -.657127E-03 0.000000E+00 
    67       1120      0 0.000000E+00 0.000000E+00 0.251000E+04 0.251000E+04 0.938270E+00 -.485878E+01 -.141933E+01 0.164346E-03 0.000000E+00 
    68       1220      0 0.000000E+00 0.000000E+00 0.251000E+04 0.251000E+04 0.939650E+00 -.395365E+01 0.553519E+00 0.708112E-03 0.000000E+00 
    69       1220      0 0.000000E+00 0.000000E+00 0.251000E+04 0.251000E+04 0.939650E+00 -.111989E+02 -.220913E+01 -.239921E-03 0.000000E+00 
    70       1120      0 0.000000E+00 0.000000E+00 0.251000E+04 0.251000E+04 0.938270E+00 -.112408E+02 0.475686E+01 0.690051E-03 0.000000E+00 
    71       1220      0 0.000000E+00 0.000000E+00 0.251000E+04 0.251000E+04 0.939650E+00 -.111494E+02 0.507455E+01 0.112481E-02 0.000000E+00 
    72       1220      0 0.000000E+00 0.000000E+00 0.251000E+04 0.251000E+04 0.939650E+00 -.944930E+01 -.246011E+01 -.712122E-03 0.000000E+00 
    73       1120      0 0.000000E+00 0.000000E+00 0.251000E+04 0.251000E+04 0.938270E+00 -.712792E+01 -.290915E+01 0.184401E-02 0.000000E+00 
    74       1220      0 0.000000E+00 0.000000E+00 0.251000E+04 0.251000E+04 0.939650E+00 -.143022E+02 0.119093E+01 0.473343E-03 0.000000E+00 
    75       1220      0 0.000000E+00 0.000000E+00 0.251000E+04 0.251000E+04 0.939650E+00 -.576283E+01 -.261545E+01 -.135983E-02 0.000000E+00 
    76       1220      0 0.000000E+00 0.000000E+00 0.251000E+04 0.251000E+04 0.939650E+00 -.141986E+02 -.350541E+01 -.228961E-03 0.000000E+00 
    77       1220      0 0.000000E+00 0.000000E+00 0.251000E+04 0.251000E+04 0.939650E+00 -.873662E+01 0.154409E+01 -.107692E-02 0.000000E+00 
    78       1220      0 0.000000E+00 0.000000E+00 0.251000E+04 0.251000E+04 0.939650E+00 -.821672E+01 0.176314E+01 -.586116E-03 0.000000E+00 
    79       1120      0 0.000000E+00 0.000000E+00 0.251000E+04 0.251000E+04 0.938270E+00 -.118112E+02 -.129519E+01 0.136780E-02 0.000000E+00 
    80       1220      0 0.000000E+00 0.000000E+00 0.251000E+04 0.251000E+04 0.939650E+00 -.121257E+02 -.671382E+00 -.158748E-02 0.000000E+00 
    81       1220      0 0.000000E+00 0.000000E+00 0.251000E+04 0.251000E+04 0.939650E+00 -.912442E+01 -.414867E+01 -.171414E-02 0.000000E+00 
    82       1220      0 0.000000E+00 0.000000E+00 0.251000E+04 0.251000E+04 0.939650E+00 -.140330E+02 -.435178E+01 0.307146E-03 0.000000E+00 
    83       1220      0 0.000000E+00 0.000000E+00 0.251000E+04 0.251000E+04 0.939650E+00 -.102705E+02 -.383423E+01 0.496892E-04 0.000000E+00 
    84       1220      0 0.000000E+00 0.000000E+00 0.251000E+04 0.251000E+04 0.939650E+00 -.112605E+02 -.410375E+01 0.298323E-03 0.000000E+00 
    85       1220      0 0.000000E+00 0.000000E+00 0.251000E+04 0.251000E+04 0.939650E+00 -.101408E+02 0.550043E+01 -.169364E-02 0.000000E+00 
    86       1220      0 0.000000E+00 0.000000E+00 0.251000E+04 0.251000E+04 0.939650E+00 -.107445E+02 -.528992E+00 0.179372E-02 0.000000E+00 
    87       1220      0 0.000000E+00 0.000000E+00 0.251000E+04 0.251000E+04 0.939650E+00 -.152516E+02 0.442534E+00 0.111911E-02 0.000000E+00 
    88       1120      0 0.000000E+00 0.000000E+00 0.251000E+04 0.251000E+04 0.938270E+00 -.727111E+01 -.558024E+00 -.442582E-03 0.000000E+00 
    89       1220      0 0.000000E+00 0.000000E+00 0.251000E+04 0.251000E+04 0.939650E+00 -.645282E+01 0.569520E+00 0.148796E-02 0.000000E+00 
    90       1120      0 0.000000E+00 0.000000E+00 0.251000E+04 0.251000E+04 0.938270E+00 -.617497E+01 -.500082E+01 -.998219E-03 0.000000E+00 
    91       1220      0 0.000000E+00 0.000000E+00 0.251000E+04 0.251000E+04 0.939650E+00 -.658476E+01 0.443633E+01 -.126061E-02 0.000000E+00 
    92       1220      0 0.000000E+00 0.000000E+00 0.251000E+04 0.251000E+04 0.939650E+00 -.670078E+01 -.147095E+00 -.185867E-02 0.000000E+00 
    93       1220      0 0.000000E+00 0.000000E+00 0.251000E+04 0.251000E+04 0.939650E+00 -.624202E+01 -.186153E+01 0.477779E-03 0.000000E+00 
    94       1220      0 0.000000E+00 0.000000E+00 0.251000E+04 0.251000E+04 0.939650E+00 -.109959E+02 -.416016E+01 -.689139E-03 0.000000E+00 
    95       1120      0 0.000000E+00 0.000000E+00 0.251000E+04 0.251000E+04 0.938270E+00 -.794348E+01 -.209266E+01 0.922229E-03 0.000000E+00 
    96       1120      0 0.000000E+00 0.000000E+00 0.251000E+04 0.251000E+04 0.938270E+00 -.101226E+02 -.112506E+01 -.170337E-02 0.000000E+00 
    97       1120      0 0.000000E+00 0.000000E+00 0.251000E+04 0.251000E+04 0.938270E+00 -.161617E+02 -.620763E+00 0.900715E-03 0.000000E+00 
    98       1220      0 0.000000E+00 0.000000E+00 0.251000E+04 0.251000E+04 0.939650E+00 -.681617E+01 -.138301E+01 0.266831E-02 0.000000E+00 
    99       1220      0 0.000000E+00 0.000000E+00 0.251000E+04 0.251000E+04 0.939650E+00 -.510101E+01 -.245239E+01 0.211564E-03 0.000000E+00 
   100       1220      0 0.000000E+00 0.000000E+00 0.251000E+04 0.251000E+04 0.939650E+00 -.589293E+01 -.195105E+01 -.892272E-03 0.000000E+00 
   101       1220      0 0.000000E+00 0.000000E+00 0.251000E+04 0.251000E+04 0.939650E+00 -.826221E+01 0.494035E-01 -.215769E-02 0.000000E+00 
   102       1120      0 0.000000E+00 0.000000E+00 0.251000E+04 0.251000E+04 0.938270E+00 -.131187E+02 0.182586E+01 -.413637E-03 0.000000E+00 
   103       1120      0 0.000000E+00 0.000000E+00 0.251000E+04 0.251000E+04 0.938270E+00 -.118235E+02 0.289818E+01 0.152215E-02 0.000000E+00 
   104       1220      0 0.000000E+00 0.000000E+00 0.251000E+04 0.251000E+04 0.939650E+00 -.886410E+01 0.143881E+01 0.192285E-03 0.000000E+00 
   105       1120      0 0.000000E+00 0.000000E+00 0.251000E+04 0.251000E+04 0.938270E+00 -.120990E+02 0.514962E+01 -.585038E-03 0.000000E+00 
   106       1220      0 0.000000E+00 0.000000E+00 0.251000E+04 0.251000E+04 0.939650E+00 -.743318E+01 -.106669E+00 -.186355E-03 0.000000E+00 
   107       1220      0 0.000000E+00 0.000000E+00 0.251000E+04 0.251000E+04 0.939650E+00 -.851138E+01 0.264878E+00 0.234604E-02 0.000000E+00 
   108       1220      0 0.000000E+00 0.000000E+00 0.251000E+04 0.251000E+04 0.939650E+00 -.130328E+02 0.759162E+00 -.114424E-02 0.000000E+00 
   109       1220      0 0.000000E+00 0.000000E+00 0.251000E+04 0.251000E+04 0.939650E+00 -.116961E+02 -.867091E+00 -.371309E-03 0.000000E+00 
   110       1220      0 0.000000E+00 0.000000E+00 0.251000E+04 0.251000E+04 0.939650E+00 -.101067E+02 -.496054E+01 -.997575E-04 0.000000E+00 
   111       1220      0 0.000000E+00 0.000000E+00 0.251000E+04 0.251000E+04 0.939650E+00 -.465209E+01 0.514518E+00 0.112013E-02 0.000000E+00 
   112       1220      0 0.000000E+00 0.000000E+00 0.251000E+04 0.251000E+04 0.939650E+00 -.684955E+01 0.175654E+01 -.790011E-03 0.000000E+00 
   113       1120      0 0.000000E+00 0.000000E+00 0.251000E+04 0.251000E+04 0.938270E+00 -.902035E+01 -.306324E+01 -.112382E-02 0.000000E+00 
   114       1120      0 0.000000E+00 0.000000E+00 0.251000E+04 0.251000E+04 0.938270E+00 -.126552E+02 -.119865E+01 0.110182E-02 0.000000E+00 
   115       1220      0 0.000000E+00 0.000000E+00 0.251000E+04 0.251000E+04 0.939650E+00 -.848676E+01 0.378557E+01 -.155744E-02 0.000000E+00 
   116       1120      0 0.000000E+00 0.000000E+00 0.251000E+04 0.251000E+04 0.938270E+00 -.825881E+01 0.230078E+01 -.194607E-02 0.000000E+00 
   117       1220      0 0.000000E+00 0.000000E+00 0.251000E+04 0.251000E+04 0.939650E+00 -.638662E+01 0.236635E+01 -.924316E-03 0.000000E+00 
   118       1220      0 0.000000E+00 0.000000E+00 0.251000E+04 0.251000E+04 0.939650E+00 -.654514E+01 -.113151E+01 -.845607E-03 0.000000E+00 
   119       1120      0 0.000000E+00 0.000000E+00 0.251000E+04 0.251000E+04 0.938270E+00 -.100995E+02 0.228963E+01 0.303470E-02 0.000000E+00 
   120       1120      0 0.000000E+00 0.000000E+00 0.251000E+04 0.251000E+04 0.938270E+00 -.571100E+01 0.286071E+01 -.814687E-03 0.000000E+00 
   121       1220      0 0.000000E+00 0.000000E+00 0.251000E+04 0.251000E+04 0.939650E+00 -.472655E+01 0.197554E+01 0.886250E-03 0.000000E+00 
   122       1120      0 0.000000E+00 0.000000E+00 0.251000E+04 0.251000E+04 0.938270E+00 -.127925E+02 -.312184E+01 -.545489E-03 0.000000E+00 
   123       1120      0 0.000000E+00 0.000000E+00 0.251000E+04 0.251000E+04 0.938270E+00 -.994323E+01 -.317180E+01 0.104575E-02 0.000000E+00 
   124       1220      0 0.000000E+00 0.000000E+00 0.251000E+04 0.251000E+04 0.939650E+00 -.162636E+02 0.855244E-01 -.141422E-02 0.000000E+00 
   125       1120      0 0.000000E+00 0.000000E+00 0.251000E+04 0.251000E+04 0.938270E+00 -.287465E+01 -.262111E+01 0.116910E-03 0.000000E+00 
   126       1220      0 0.000000E+00 0.000000E+00 0.251000E+04 0.251000E+04 0.939650E+00 -.956898E+01 0.643699E+01 0.616991E-03 0.000000E+00 
   127       1120      0 0.000000E+00 0.000000E+00 0.251000E+04 0.251000E+04 0.938270E+00 -.871972E+01 -.353278E+01 -.198022E-02 0.000000E+00 
   128       1220      0 0.000000E+00 0.000000E+00 0.251000E+04 0.251000E+04 0.939650E+00 -.109431E+02 0.387544E+01 0.348646E-02 0.000000E+00 
   129       1120      0 0.000000E+00 0.000000E+00 0.251000E+04 0.251000E+04 0.938270E+00 -.550126E+01 0.352449E+01 -.202587E-02 0.000000E+00 
   130       1120      0 0.000000E+00 0.000000E+00 0.251000E+04 0.251000E+04 0.938270E+00 -.106906E+02 -.180162E+01 -.156435E-02 0.000000E+00 
   131       1220      0 0.000000E+00 0.000000E+00 0.251000E+04 0.251000E+04 0.939650E+00 -.888109E+01 0.371011E+01 -.805821E-03 0.000000E+00 
   132       1220      0 0.000000E+00 0.000000E+00 0.251000E+04 0.251000E+04 0.939650E+00 -.813559E+01 -.624213E-01 -.204650E-02 0.000000E+00 
   133       1220      0 0.000000E+00 0.000000E+00 0.251000E+04 0.251000E+04 0.939650E+00 -.566399E+01 -.262316E+00 -.110158E-02 0.000000E+00 
   134       1220      0 0.000000E+00 0.000000E+00 0.251000E+04 0.251000E+04 0.939650E+00 -.704986E+01 0.404768E+01 0.103306E-02 0.000000E+00 
   135       1120      0 0.000000E+00 0.000000E+00 0.251000E+04 0.251000E+04 0.938270E+00 -.109368E+02 0.101661E+01 0.901457E-03 0.000000E+00 
   136       1120      0 0.000000E+00 0.000000E+00 0.251000E+04 0.251000E+04 0.938270E+00 -.812047E+01 -.283073E+01 -.106777E-03 0.000000E+00 
   137       1220      0 0.000000E+00 0.000000E+00 0.251000E+04 0.251000E+04 0.939650E+00 -.827622E+01 0.356074E+01 0.144871E-02 0.000000E+00 
   138       1120      0 0.000000E+00 0.000000E+00 0.251000E+04 0.251000E+04 0.938270E+00 -.119953E+02 0.497599E+01 0.129313E-02 0.000000E+00 
   139       1120      0 0.000000E+00 0.000000E+00 0.251000E+04 0.251000E+04 0.938270E+00 -.128833E+02 0.220808E+01 0.152081E-02 0.000000E+00 
   140       1120      0 0.000000E+00 0.000000E+00 0.251000E+04 0.251000E+04 0.938270E+00 -.109109E+02 -.284911E+01 0.115087E-02 0.000000E+00 
   141       1120      0 0.000000E+00 0.000000E+00 0.251000E+04 0.251000E+04 0.938270E+00 -.580665E+01 -.420619E+01 0.134661E-02 0.000000E+00 
   142       1220      0 0.000000E+00 0.000000E+00 0.251000E+04 0.251000E+04 0.939650E+00 -.110299E+02 -.152314E+01 -.112234E-02 0.000000E+00 
   143       1120      0 0.000000E+00 0.000000E+00 0.251000E+04 0.251000E+04 0.938270E+00 -.148423E+02 -.103249E+01 0.105268E-04 0.000000E+00 
   144       1220      0 0.000000E+00 0.000000E+00 0.251000E+04 0.251000E+04 0.939650E+00 -.939283E+01 0.439278E+00 -.262439E-02 0.000000E+00 
   145       1120      0 0.000000E+00 0.000000E+00 0.251000E+04 0.251000E+04 0.938270E+00 -.435438E+01 0.144321E+01 -.946719E-03 0.000000E+00 
   146       1120      0 0.000000E+00 0.000000E+00 0.251000E+04 0.251000E+04 0.938270E+00 -.657213E+01 0.260900E+01 0.367346E-03 0.000000E+00 
   147       1120      0 0.000000E+00 0.000000E+00 0.251000E+04 0.251000E+04 0.938270E+00 -.570171E+01 0.191872E+01 -.171309E-02 0.000000E+00 
   148       1220      0 0.000000E+00 0.000000E+00 0.251000E+04 0.251000E+04 0.939650E+00 -.142900E+02 -.240247E+01 -.733841E-03 0.000000E+00 
   149       1220      0 0.000000E+00 0.000000E+00 0.251000E+04 0.251000E+04 0.939650E+00 -.684160E+01 0.152296E+01 0.170567E-02 0.000000E+00 
   150       1120      0 0.000000E+00 0.000000E+00 0.251000E+04 0.251000E+04 0.938270E+00 -.148659E+02 -.304523E+01 -.101732E-02 0.000000E+00 
   151       1220      0 0.000000E+00 0.000000E+00 0.251000E+04 0.251000E+04 0.939650E+00 -.118359E+02 -.232018E+00 -.158930E-02 0.000000E+00 
   152       1220      0 0.000000E+00 0.000000E+00 0.251000E+04 0.251000E+04 0.939650E+00 -.121673E+02 0.173088E+00 -.177468E-02 0.000000E+00 
   153       1120      0 0.000000E+00 0.000000E+00 0.251000E+04 0.251000E+04 0.938270E+00 -.571395E+01 -.286079E+01 -.923497E-03 0.000000E+00 
   154       1220      0 0.000000E+00 0.000000E+00 0.251000E+04 0.251000E+04 0.939650E+00 -.548767E+01 -.104334E+01 0.191163E-02 0.000000E+00 
   155       1120      0 0.000000E+00 0.000000E+00 0.251000E+04 0.251000E+04 0.938270E+00 -.965096E+01 0.789134E+01 -.908759E-03 0.000000E+00 
   156       1220      0 0.000000E+00 0.000000E+00 0.251000E+04 0.251000E+04 0.939650E+00 -.956517E+01 0.127596E+01 -.761270E-03 0.000000E+00 
   157       1220      0 0.000000E+00 0.000000E+00 0.251000E+04 0.251000E+04 0.939650E+00 -.611701E+01 -.601656E+00 0.266329E-03 0.000000E+00 
   158       1120      0 0.000000E+00 0.000000E+00 0.251000E+04 0.251000E+04 0.938270E+00 -.919740E+01 0.202860E+01 0.262840E-02 0.000000E+00 
   159       1220      0 0.000000E+00 0.000000E+00 0.251000E+04 0.251000E+04 0.939650E+00 -.395565E+01 0.632107E+00 0.128644E-02 0.000000E+00 
   160       1220      0 0.000000E+00 0.000000E+00 0.251000E+04 0.251000E+04 0.939650E+00 -.726984E+01 -.339907E+01 -.834870E-03 0.000000E+00 
   161       1120      0 0.000000E+00 0.000000E+00 0.251000E+04 0.251000E+04 0.938270E+00 -.107210E+02 -.158079E+01 0.684420E-03 0.000000E+00 
   162       1220      0 0.000000E+00 0.000000E+00 0.251000E+04 0.251000E+04 0.939650E+00 -.691985E+01 0.137696E+01 -.298360E-02 0.000000E+00 
   163       1220      0 0.000000E+00 0.000000E+00 0.251000E+04 0.251000E+04 0.939650E+00 -.136331E+02 -.303413E+01 0.635998E-04 0.000000E+00 
   164       1220      0 0.000000E+00 0.000000E+00 0.251000E+04 0.251000E+04 0.939650E+00 -.823408E+01 -.427086E+00 -.170830E-02 0.000000E+00 
   165       1220      0 0.000000E+00 0.000000E+00 0.251000E+04 0.251000E+04 0.939650E+00 -.773393E+01 -.294467E+01 0.146590E-02 0.000000E+00 
   166       1120      0 0.000000E+00 0.000000E+00 0.251000E+04 0.251000E+04 0.938270E+00 -.424918E+01 0.119437E+01 0.839448E-04 0.000000E+00 
   167       1220      0 0.000000E+00 0.000000E+00 0.251000E+04 0.251000E+04 0.939650E+00 -.828221E+01 -.405603E+01 0.613541E-03 0.000000E+00 
   168       1220      0 0.000000E+00 0.000000E+00 0.251000E+04 0.251000E+04 0.939650E+00 -.976373E+01 -.188840E+01 0.122121E-02 0.000000E+00 
   169       1220      0 0.000000E+00 0.000000E+00 0.251000E+04 0.251000E+04 0.939650E+00 -.121837E+02 -.123791E+01 0.181858E-03 0.000000E+00 
   170       1220      0 0.000000E+00 0.000000E+00 0.251000E+04 0.251000E+04 0.939650E+00 -.601566E+01 0.351916E+01 -.124962E-02 0.000000E+00 
   171       1220      0 0.000000E+00 0.000000E+00 0.251000E+04 0.251000E+04 0.939650E+00 -.109414E+02 0.435129E+01 -.657169E-03 0.000000E+00 
   172       1220      0 0.000000E+00 0.000000E+00 0.251000E+04 0.251000E+04 0.939650E+00 -.616578E+01 0.137940E+01 -.928276E-03 0.000000E+00 
   173       1120      0 0.000000E+00 0.000000E+00 0.251000E+04 0.251000E+04 0.938270E+00 -.106299E+02 0.263373E+01 0.325928E-03 0.000000E+00 
   174       1220      0 0.000000E+00 0.000000E+00 0.251000E+04 0.251000E+04 0.939650E+00 -.128011E+02 0.470044E+01 0.784474E-03 0.000000E+00 
   175       1220      0 0.000000E+00 0.000000E+00 0.251000E+04 0.251000E+04 0.939650E+00 -.109356E+02 -.188930E+01 -.105166E-02 0.000000E+00 
   176       1220      0 0.000000E+00 0.000000E+00 0.251000E+04 0.251000E+04 0.939650E+00 -.105145E+02 -.348235E+01 0.176590E-02 0.000000E+00 
   177       1220      0 0.000000E+00 0.000000E+00 0.251000E+04 0.251000E+04 0.939650E+00 -.785565E+01 0.488081E+01 -.227442E-03 0.000000E+00 
   178       1220      0 0.000000E+00 0.000000E+00 0.251000E+04 0.251000E+04 0.939650E+00 -.361272E+01 -.205109E+00 -.167302E-02 0.000000E+00 
   179       1120      0 0.000000E+00 0.000000E+00 0.251000E+04 0.251000E+04 0.938270E+00 -.114698E+02 -.468589E+01 0.108900E-02 0.000000E+00 
   180       1120      0 0.000000E+00 0.000000E+00 0.251000E+04 0.251000E+04 0.938270E+00 -.770320E+01 -.481541E+01 -.466038E-03 0.000000E+00 
   181       1220      0 0.000000E+00 0.000000E+00 0.251000E+04 0.251000E+04 0.939650E+00 -.831575E+01 -.928973E+00 0.223990E-03 0.000000E+00 
   182       1220      0 0.000000E+00 0.000000E+00 0.251000E+04 0.251000E+04 0.939650E+00 -.894962E+01 0.342469E+01 0.991217E-03 0.000000E+00 
   183       1220      0 0.000000E+00 0.000000E+00 0.251000E+04 0.251000E+04 0.939650E+00 -.107994E+02 -.384754E+01 -.134819E-03 0.000000E+00 
   184       1220      0 0.000000E+00 0.000000E+00 0.251000E+04 0.251000E+04 0.939650E+00 -.141796E+02 -.109722E+01 -.300818E-03 0.000000E+00 
   185       1220      0 0.000000E+00 0.000000E+00 0.251000E+04 0.251000E+04 0.939650E+00 -.689282E+01 0.502428E+00 -.513991E-04 0.000000E+00 
   186       1120      0 0.000000E+00 0.000000E+00 0.251000E+04 0.251000E+04 0.938270E+00 -.841597E+01 0.306378E+01 -.331375E-03 0.000000E+00 
   187       1120      0 0.000000E+00 0.000000E+00 0.251000E+04 0.251000E+04 0.938270E+00 -.103668E+02 -.179603E+00 -.762789E-03 0.000000E+00 
   188       1220      0 0.000000E+00 0.000000E+00 0.251000E+04 0.251000E+04 0.939650E+00 -.325057E+01 -.368635E+01 -.329199E-03 0.000000E+00 
   189       1120      0 0.000000E+00 0.000000E+00 0.251000E+04 0.251000E+04 0.938270E+00 -.568423E+01 0.142651E+01 0.574521E-03 0.000000E+00 
   190       1120      0 0.000000E+00 0.000000E+00 0.251000E+04 0.251000E+04 0.938270E+00 -.552840E+01 -.247427E+01 0.569307E-03 0.000000E+00 
   191       1220      0 0.000000E+00 0.000000E+00 0.251000E+04 0.251000E+04 0.939650E+00 -.620276E+01 -.325806E+01 0.466856E-03 0.000000E+00 
   192       1120      0 0.000000E+00 0.000000E+00 0.251000E+04 0.251000E+04 0.938270E+00 -.132964E+02 0.259089E+01 -.159194E-02 0.000000E+00 
   193       1120      0 0.000000E+00 0.000000E+00 0.251000E+04 0.251000E+04 0.938270E+00 -.120038E+02 0.432893E+01 0.898076E-04 0.000000E+00 
   194       1220      0 0.000000E+00 0.000000E+00 0.251000E+04 0.251000E+04 0.939650E+00 -.374685E+01 0.318097E+01 0.112310E-02 0.000000E+00 
   195       1120      0 0.000000E+00 0.000000E+00 0.251000E+04 0.251000E+04 0.938270E+00 -.866138E+01 0.177384E+01 0.358956E-03 0.000000E+00 
   196       1220      0 0.000000E+00 0.000000E+00 0.251000E+04 0.251000E+04 0.939650E+00 -.381487E+01 -.320265E+01 -.365813E-04 0.000000E+00 
   197       1220      0 0.000000E+00 0.000000E+00 0.251000E+04 0.251000E+04 0.939650E+00 -.116775E+02 0.605228E+01 0.909065E-04 0.000000E+00 
   198       1220      0 0.000000E+00 0.000000E+00 0.251000E+04 0.251000E+04 0.939650E+00 -.995106E+01 -.522411E+01 -.506331E-04 0.000000E+00 
   199       1220      0 0.000000E+00 0.000000E+00 0.251000E+04 0.251000E+04 0.939650E+00 -.122379E+02 0.588893E+01 0.949196E-03 0.000000E+00 
   200       1220      0 0.000000E+00 0.000000E+00 0.251000E+04 0.251000E+04 0.939650E+00 -.787165E+01 -.310170E+01 -.146377E-02 0.000000E+00 
   201       1120      0 0.000000E+00 0.000000E+00 0.251000E+04 0.251000E+04 0.938270E+00 -.119941E+02 0.202891E+01 -.147460E-02 0.000000E+00 
   202       1220      0 0.000000E+00 0.000000E+00 0.251000E+04 0.251000E+04 0.939650E+00 -.927579E+01 0.373427E+01 -.179290E-02 0.000000E+00 
   203       1220      0 0.000000E+00 0.000000E+00 0.251000E+04 0.251000E+04 0.939650E+00 -.964203E+01 -.520906E+01 0.108159E-03 0.000000E+00 
   204       1120      0 0.000000E+00 0.000000E+00 0.251000E+04 0.251000E+04 0.938270E+00 -.125032E+02 -.494153E+01 0.888776E-03 0.000000E+00 
   205       1220      0 0.000000E+00 0.000000E+00 0.251000E+04 0.251000E+04 0.939650E+00 -.870601E+01 0.181851E+01 0.508075E-03 0.000000E+00 
   206       1220      0 0.000000E+00 0.000000E+00 0.251000E+04 0.251000E+04 0.939650E+00 -.101121E+02 0.138497E+01 0.252633E-02 0.000000E+00 
   207       1120      0 0.000000E+00 0.000000E+00 0.251000E+04 0.251000E+04 0.938270E+00 -.751747E+01 -.160838E+01 0.195539E-02 0.000000E+00 
   208       1220      0 0.000000E+00 0.000000E+00 0.251000E+04 0.251000E+04 0.939650E+00 -.566951E+01 0.323037E+01 -.440543E-03 0.000000E+00 
   209       1220      0 0.000000E+00 0.000000E+00 -.251000E+04 0.251000E+04 0.939650E+00 0.663096E+01 0.448429E+01 0.124097E-02 0.000000E+00 
   210       1220      0 0.000000E+00 0.000000E+00 -.251000E+04 0.251000E+04 0.939650E+00 0.758249E+01 -.400603E+01 -.392049E-03 0.000000E+00 
   211       1220      0 0.000000E+00 0.000000E+00 -.251000E+04 0.251000E+04 0.939650E+00 0.986979E+01 -.221672E+01 -.183231E-02 0.000000E+00 
   212       1120      0 0.000000E+00 0.000000E+00 -.251000E+04 0.251000E+04 0.938270E+00 0.130274E+02 -.451221E+01 -.119527E-02 0.000000E+00 
   213       1220      0 0.000000E+00 0.000000E+00 -.251000E+04 0.251000E+04 0.939650E+00 0.486278E+01 -.200871E+01 -.174483E-02 0.000000E+00 
   214       1220      0 0.000000E+00 0.000000E+00 -.251000E+04 0.251000E+04 0.939650E+00 0.117137E+02 -.151556E+01 0.185054E-02 0.000000E+00 
   215       1220      0 0.000000E+00 0.000000E+00 -.251000E+04 0.251000E+04 0.939650E+00 0.574731E+01 0.123266E+01 -.148164E-03 0.000000E+00 
   216       1220      0 0.000000E+00 0.000000E+00 -.251000E+04 0.251000E+04 0.939650E+00 0.623009E+01 0.411172E+01 -.983903E-03 0.000000E+00 
   217       1120      0 0.000000E+00 0.000000E+00 -.251000E+04 0.251000E+04 0.938270E+00 0.973188E+01 0.209383E+01 -.771485E-03 0.000000E+00 
   218       1120      0 0.000000E+00 0.000000E+00 -.251000E+04 0.251000E+04 0.938270E+00 0.824639E+01 0.302486E+01 -.157735E-02 0.000000E+00 
   219       1220      0 0.000000E+00 0.000000E+00 -.251000E+04 0.251000E+04 0.939650E+00 0.119431E+02 0.351368E+00 0.197014E-02 0.000000E+00 
   220       1120      0 0.000000E+00 0.000000E+00 -.251000E+04 0.251000E+04 0.938270E+00 0.637221E+01 0.743845E+00 -.966293E-03 0.000000E+00 
   221       1220      0 0.000000E+00 0.000000E+00 -.251000E+04 0.251000E+04 0.939650E+00 0.719553E+01 -.173878E+01 0.121920E-02 0.000000E+00 
   222       1220      0 0.000000E+00 0.000000E+00 -.251000E+04 0.251000E+04 0.939650E+00 0.584951E+01 0.469154E+01 0.106040E-02 0.000000E+00 
   223       1120      0 0.000000E+00 0.000000E+00 -.251000E+04 0.251000E+04 0.938270E+00 0.493237E+01 -.103252E+01 -.160165E-02 0.000000E+00 
   224       1220      0 0.000000E+00 0.000000E+00 -.251000E+04 0.251000E+04 0.939650E+00 0.110521E+02 0.118841E+01 0.195142E-02 0.000000E+00 
   225       1220      0 0.000000E+00 0.000000E+00 -.251000E+04 0.251000E+04 0.939650E+00 0.669985E+01 -.233851E+01 0.158445E-02 0.000000E+00 
   226       1120      0 0.000000E+00 0.000000E+00 -.251000E+04 0.251000E+04 0.938270E+00 0.116011E+02 0.410882E+01 0.120477E-02 0.000000E+00 
   227       1220      0 0.000000E+00 0.000000E+00 -.251000E+04 0.251000E+04 0.939650E+00 0.500666E+01 -.492488E+00 -.108187E-02 0.000000E+00 
   228       1120      0 0.000000E+00 0.000000E+00 -.251000E+04 0.251000E+04 0.938270E+00 0.104037E+02 -.313185E+01 -.943283E-03 0.000000E+00 
   229       1220      0 0.000000E+00 0.000000E+00 -.251000E+04 0.251000E+04 0.939650E+00 0.126183E+02 0.143711E+01 -.165820E-02 0.000000E+00 
   230       1220      0 0.000000E+00 0.000000E+00 -.251000E+04 0.251000E+04 0.939650E+00 0.356911E+01 -.280422E+01 0.190835E-03 0.000000E+00 
   231       1120      0 0.000000E+00 0.000000E+00 -.251000E+04 0.251000E+04 0.938270E+00 0.184967E+01 0.266889E+01 0.313876E-03 0.000000E+00 
   232       1120      0 0.000000E+00 0.000000E+00 -.251000E+04 0.251000E+04 0.938270E+00 0.659845E+01 0.272845E+01 0.844627E-03 0.000000E+00 
   233       1220      0 0.000000E+00 0.000000E+00 -.251000E+04 0.251000E+04 0.939650E+00 0.667215E+01 -.510719E+01 0.548487E-03 0.000000E+00 
   234       1120      0 0.000000E+00 0.000000E+00 -.251000E+04 0.251000E+04 0.938270E+00 0.373418E+01 0.305466E+01 -.124867E-02 0.000000E+00 
   235       1220      0 0.000000E+00 0.000000E+00 -.251000E+04 0.251000E+04 0.939650E+00 0.586610E+01 0.318862E+01 -.142515E-02 0.000000E+00 
   236       1120      0 0.000000E+00 0.000000E+00 -.251000E+04 0.251000E+04 0.938270E+00 0.113897E+02 -.575769E+01 -.614598E-03 0.000000E+00 
   237       1120      0 0.000000E+00 0.000000E+00 -.251000E+04 0.251000E+04 0.938270E+00 0.691525E+01 0.119246E+01 -.880978E-03 0.000000E+00 
   238       1120      0 0.000000E+00 0.000000E+00 -.251000E+04 0.251000E+04 0.938270E+00 0.819876E+01 0.253869E+01 -.154569E-02 0.000000E+00 
   239       1120      0 0.000000E+00 0.000000E+00 -.251000E+04 0.251000E+04 0.938270E+00 0.817085E+01 0.220844E+01 -.196329E-02 0.000000E+00 
   240       1220      0 0.000000E+00 0.000000E+00 -.251000E+04 0.251000E+04 0.939650E+00 0.567058E+01 0.844718E+00 0.250284E-02 0.000000E+00 
   241       1220      0 0.000000E+00 0.000000E+00 -.251000E+04 0.251000E+04 0.939650E+00 0.116338E+02 -.320180E+01 -.172298E-02 0.000000E+00 
   242       1220      0 0.000000E+00 0.000000E+00 -.251000E+04 0.251000E+04 0.939650E+00 0.852747E+01 -.104082E+00 -.592205E-03 0.000000E+00 
   243       1120      0 0.000000E+00 0.000000E+00 -.251000E+04 0.251000E+04 0.938270E+00 0.534914E+01 0.643493E+01 -.520581E-03 0.000000E+00 
   244       1220      0 0.000000E+00 0.000000E+00 -.251000E+04 0.251000E+04 0.939650E+00 0.384685E+01 -.236407E+01 0.157055E-02 0.000000E+00 
   245       1220      0 0.000000E+00 0.000000E+00 -.251000E+04 0.251000E+04 0.939650E+00 0.695670E+01 -.245930E+01 0.144048E-02 0.000000E+00 
   246       1220      0 0.000000E+00 0.000000E+00 -.251000E+04 0.251000E+04 0.939650E+00 0.883512E+01 -.416648E+01 0.160870E-02 0.000000E+00 
   247       1120      0 0.000000E+00 0.000000E+00 -.251000E+04 0.251000E+04 0.938270E+00 0.100352E+02 0.397322E+01 0.254369E-03 0.000000E+00 
   248       1220      0 0.000000E+00 0.000000E+00 -.251000E+04 0.251000E+04 0.939650E+00 0.214024E+01 -.176659E+01 -.574932E-03 0.000000E+00 
   249       1120      0 0.000000E+00 0.000000E+00 -.251000E+04 0.251000E+04 0.938270E+00 0.754136E+01 0.530508E-01 0.131291E-02 0.000000E+00 
   250       1220      0 0.000000E+00 0.000000E+00 -.251000E+04 0.251000E+04 0.939650E+00 0.389214E+01 0.260857E+00 -.252739E-03 0.000000E+00 
   251       1220      0 0.000000E+00 0.000000E+00 -.251000E+04 0.251000E+04 0.939650E+00 0.132586E+02 -.129216E+00 0.543849E-03 0.000000E+00 
   252       1120      0 0.000000E+00 0.000000E+00 -.251000E+04 0.251000E+04 0.938270E+00 0.520919E+01 -.277919E-01 -.323468E-03 0.000000E+00 
   253       1120      0 0.000000E+00 0.000000E+00 -.251000E+04 0.251000E+04 0.938270E+00 0.771442E+01 0.117497E+01 0.181714E-03 0.000000E+00 
   254       1120      0 0.000000E+00 0.000000E+00 -.251000E+04 0.251000E+04 0.938270E+00 0.140905E+02 0.140429E+00 -.160137E-02 0.000000E+00 
   255       1220      0 0.000000E+00 0.000000E+00 -.251000E+04 0.251000E+04 0.939650E+00 0.137110E+02 0.443472E+01 0.258376E-03 0.000000E+00 
   256       1220      0 0.000000E+00 0.000000E+00 -.251000E+04 0.251000E+04 0.939650E+00 0.114070E+02 0.426906E+01 0.813828E-03 0.000000E+00 
   257       1220      0 0.000000E+00 0.000000E+00 -.251000E+04 0.251000E+04 0.939650E+00 0.494301E+01 0.161773E+01 0.209898E-02 0.000000E+00 
   258       1220      0 0.000000E+00 0.000000E+00 -.251000E+04 0.251000E+04 0.939650E+00 0.102818E+02 0.258997E+01 0.117585E-02 0.000000E+00 
   259       1120      0 0.000000E+00 0.000000E+00 -.251000E+04 0.251000E+04 0.938270E+00 0.975066E+01 0.172127E+01 -.318081E-03 0.000000E+00 
   260       1220      0 0.000000E+00 0.000000E+00 -.251000E+04 0.251000E+04 0.939650E+00 0.112639E+02 -.234459E+01 -.165705E-02 0.000000E+00 
   261       1120      0 0.000000E+00 0.000000E+00 -.251000E+04 0.251000E+04 0.938270E+00 0.109985E+02 0.412391E+01 0.172459E-02 0.000000E+00 
   262       1220      0 0.000000E+00 0.000000E+00 -.251000E+04 0.251000E+04 0.939650E+00 0.106682E+02 0.205831E+01 0.122177E-02 0.000000E+00 
   263       1120      0 0.000000E+00 0.000000E+00 -.251000E+04 0.251000E+04 0.938270E+00 0.977402E+01 -.137805E+01 -.118289E-02 0.000000E+00 
   264       1220      0 0.000000E+00 0.000000E+00 -.251000E+04 0.251000E+04 0.939650E+00 0.849809E+01 -.332588E+01 -.953147E-03 0.000000E+00 
   265       1220      0 0.000000E+00 0.000000E+00 -.251000E+04 0.251000E+04 0.939650E+00 0.132059E+02 -.481175E+01 0.362377E-04 0.000000E+00 
   266       1220      0 0.000000E+00 0.000000E+00 -.251000E+04 0.251000E+04 0.939650E+00 0.807292E+01 -.745395E+01 -.192063E-02 0.000000E+00 
   267       1120      0 0.000000E+00 0.000000E+00 -.251000E+04 0.251000E+04 0.938270E+00 0.560218E+01 -.446873E+01 -.619269E-03 0.000000E+00 
   268       1220      0 0.000000E+00 0.000000E+00 -.251000E+04 0.251000E+04 0.939650E+00 0.782283E+01 0.479529E+01 0.500183E-04 0.000000E+00 
   269       1220      0 0.000000E+00 0.000000E+00 -.251000E+04 0.251000E+04 0.939650E+00 0.945271E+01 0.169850E+01 0.138157E-02 0.000000E+00 
   270       1120      0 0.000000E+00 0.000000E+00 -.251000E+04 0.251000E+04 0.938270E+00 0.713039E+01 0.452909E+00 -.117676E-02 0.000000E+00 
   271       1220      0 0.000000E+00 0.000000E+00 -.251000E+04 0.251000E+04 0.939650E+00 0.140059E+02 -.432306E+00 -.943286E-03 0.000000E+00 
   272       1120      0 0.000000E+00 0.000000E+00 -.251000E+04 0.251000E+04 0.938270E+00 0.832292E+01 0.133480E+00 -.142773E-02 0.000000E+00 
   273       1220      0 0.000000E+00 0.000000E+00 -.251000E+04 0.251000E+04 0.939650E+00 0.102421E+02 0.355866E+01 -.144599E-02 0.000000E+00 
   274       1220      0 0.000000E+00 0.000000E+00 -.251000E+04 0.251000E+04 0.939650E+00 0.745604E+01 -.454732E+01 -.640483E-04 0.000000E+00 
   275       1120      0 0.000000E+00 0.000000E+00 -.251000E+04 0.251000E+04 0.938270E+00 0.515301E+01 -.266224E+01 0.158969E-02 0.000000E+00 
   276       1220      0 0.000000E+00 0.000000E+00 -.251000E+04 0.251000E+04 0.939650E+00 0.382057E+01 0.158209E+01 0.233943E-03 0.000000E+00 
   277       1220      0 0.000000E+00 0.000000E+00 -.251000E+04 0.251000E+04 0.939650E+00 0.314584E+01 -.188240E+01 0.146862E-03 0.000000E+00 
   278       1220      0 0.000000E+00 0.000000E+00 -.251000E+04 0.251000E+04 0.939650E+00 0.742519E+01 -.526479E+01 0.979827E-03 0.000000E+00 
   279       1120      0 0.000000E+00 0.000000E+00 -.251000E+04 0.251000E+04 0.938270E+00 0.660393E+01 0.155373E+01 -.172104E-02 0.000000E+00 
   280       1120      0 0.000000E+00 0.000000E+00 -.251000E+04 0.251000E+04 0.938270E+00 0.111882E+02 -.127896E+01 -.267354E-02 0.000000E+00 
   281       1220      0 0.000000E+00 0.000000E+00 -.251000E+04 0.251000E+04 0.939650E+00 0.111347E+02 0.403209E+01 -.125318E-03 0.000000E+00 
   282       1120      0 0.000000E+00 0.000000E+00 -.251000E+04 0.251000E+04 0.938270E+00 0.839717E+01 -.645951E+01 -.510905E-03 0.000000E+00 
   283       1120      0 0.000000E+00 0.000000E+00 -.251000E+04 0.251000E+04 0.938270E+00 0.761637E+01 -.251595E+01 -.150382E-02 0.000000E+00 
   284       1220      0 0.000000E+00 0.000000E+00 -.251000E+04 0.251000E+04 0.939650E+00 0.934971E+01 -.263403E+01 0.512723E-03 0.000000E+00 
   285       1120      0 0.000000E+00 0.000000E+00 -.251000E+04 0.251000E+04 0.938270E+00 0.101637E+02 0.350422E+01 0.216492E-03 0.000000E+00 
   286       1120      0 0.000000E+00 0.000000E+00 -.251000E+04 0.251000E+04 0.938270E+00 0.694648E+01 0.542100E+01 -.151187E-02 0.000000E+00 
   287       1220      0 0.000000E+00 0.000000E+00 -.251000E+04 0.251000E+04 0.939650E+00 0.670161E+01 -.347297E+01 0.102086E-02 0.000000E+00 
   288       1220      0 0.000000E+00 0.000000E+00 -.251000E+04 0.251000E+04 0.939650E+00 0.119339E+02 -.213642E+00 0.158494E-02 0.000000E+00 
   289       1120      0 0.000000E+00 0.000000E+00 -.251000E+04 0.251000E+04 0.938270E+00 0.827996E+01 0.604432E+00 0.664721E-03 0.000000E+00 
   290       1220      0 0.000000E+00 0.000000E+00 -.251000E+04 0.251000E+04 0.939650E+00 0.111884E+02 0.309079E+01 -.168549E-02 0.000000E+00 
   291       1220      0 0.000000E+00 0.000000E+00 -.251000E+04 0.251000E+04 0.939650E+00 0.687637E+01 -.100012E+01 0.685920E-03 0.000000E+00 
   292       1120      0 0.000000E+00 0.000000E+00 -.251000E+04 0.251000E+04 0.938270E+00 0.601547E+01 -.229598E+01 0.700966E-04 0.000000E+00 
   293       1120      0 0.000000E+00 0.000000E+00 -.251000E+04 0.251000E+04 0.938270E+00 0.710502E+01 0.602041E+01 0.541673E-03 0.000000E+00 
   294       1220      0 0.000000E+00 0.000000E+00 -.251000E+04 0.251000E+04 0.939650E+00 0.110012E+02 0.144255E+01 0.331251E-04 0.000000E+00 
   295       1120      0 0.000000E+00 0.000000E+00 -.251000E+04 0.251000E+04 0.938270E+00 0.126261E+02 -.328244E+01 -.739787E-03 0.000000E+00 
   296       1120      0 0.000000E+00 0.000000E+00 -.251000E+04 0.251000E+04 0.938270E+00 0.990157E+01 -.228433E+01 -.128358E-02 0.000000E+00 
   297       1220      0 0.000000E+00 0.000000E+00 -.251000E+04 0.251000E+04 0.939650E+00 0.754794E+01 0.646702E+00 -.158908E-02 0.000000E+00 
   298       1220      0 0.000000E+00 0.000000E+00 -.251000E+04 0.251000E+04 0.939650E+00 0.543839E+01 -.114458E+01 -.996792E-03 0.000000E+00 
   299       1220      0 0.000000E+00 0.000000E+00 -.251000E+04 0.251000E+04 0.939650E+00 0.469797E+01 0.383485E+01 -.202366E-02 0.000000E+00 
   300       1120      0 0.000000E+00 0.000000E+00 -.251000E+04 0.251000E+04 0.938270E+00 0.939510E+01 0.657150E+00 -.757825E-03 0.000000E+00 
   301       1220      0 0.000000E+00 0.000000E+00 -.251000E+04 0.251000E+04 0.939650E+00 0.502676E+01 -.488308E+00 0.101006E-02 0.000000E+00 
   302       1120      0 0.000000E+00 0.000000E+00 -.251000E+04 0.251000E+04 0.938270E+00 0.113809E+02 0.799802E-01 -.140549E-02 0.000000E+00 
   303       1220      0 0.000000E+00 0.000000E+00 -.251000E+04 0.251000E+04 0.939650E+00 0.138056E+02 0.280709E+01 0.876537E-04 0.000000E+00 
   304       1120      0 0.000000E+00 0.000000E+00 -.251000E+04 0.251000E+04 0.938270E+00 0.105197E+02 0.977024E+00 -.153544E-02 0.000000E+00 
   305       1220      0 0.000000E+00 0.000000E+00 -.251000E+04 0.251000E+04 0.939650E+00 0.114130E+02 -.425751E+01 0.157869E-02 0.000000E+00 
   306       1120      0 0.000000E+00 0.000000E+00 -.251000E+04 0.251000E+04 0.938270E+00 0.684759E+01 0.562201E+01 0.145471E-02 0.000000E+00 
   307       1220      0 0.000000E+00 0.000000E+00 -.251000E+04 0.251000E+04 0.939650E+00 0.932327E+01 0.436026E+01 0.227633E-02 0.000000E+00 
   308       1220      0 0.000000E+00 0.000000E+00 -.251000E+04 0.251000E+04 0.939650E+00 0.675546E+01 -.278501E+01 -.394034E-03 0.000000E+00 
   309       1220      0 0.000000E+00 0.000000E+00 -.251000E+04 0.251000E+04 0.939650E+00 0.468074E+01 0.344408E+01 -.939070E-03 0.000000E+00 
   310       1120      0 0.000000E+00 0.000000E+00 -.251000E+04 0.251000E+04 0.938270E+00 0.940677E+01 0.466047E+01 0.148832E-02 0.000000E+00 
   311       1220      0 0.000000E+00 0.000000E+00 -.251000E+04 0.251000E+04 0.939650E+00 0.952996E+01 -.673174E+00 -.164203E-02 0.000000E+00 
   312       1220      0 0.000000E+00 0.000000E+00 -.251000E+04 0.251000E+04 0.939650E+00 0.125725E+02 0.297692E+01 -.115928E-02 0.000000E+00 
   313       1120      0 0.000000E+00 0.000000E+00 -.251000E+04 0.251000E+04 0.938270E+00 0.131804E+02 0.518854E+01 0.450630E-03 0.000000E+00 
   314       1220      0 0.000000E+00 0.000000E+00 -.251000E+04 0.251000E+04 0.939650E+00 0.855254E+01 -.488193E+01 -.966451E-03 0.000000E+00 
   315       1220      0 0.000000E+00 0.000000E+00 -.251000E+04 0.251000E+04 0.939650E+00 0.606405E+01 -.236020E+01 0.453874E-03 0.000000E+00 
   316       1220      0 0.000000E+00 0.000000E+00 -.251000E+04 0.251000E+04 0.939650E+00 0.125019E+02 0.950187E+00 0.204716E-03 0.000000E+00 
   317       1120      0 0.000000E+00 0.000000E+00 -.251000E+04 0.251000E+04 0.938270E+00 0.759381E+01 0.828075E+00 0.279604E-03 0.000000E+00 
   318       1120      0 0.000000E+00 0.000000E+00 -.251000E+04 0.251000E+04 0.938270E+00 0.159693E+02 0.170271E+00 0.168914E-03 0.000000E+00 
   319       1220      0 0.000000E+00 0.000000E+00 -.251000E+04 0.251000E+04 0.939650E+00 0.570459E+01 -.217779E+01 -.256272E-02 0.000000E+00 
   320       1120      0 0.000000E+00 0.000000E+00 -.251000E+04 0.251000E+04 0.938270E+00 0.851230E+01 -.409913E+01 0.977329E-03 0.000000E+00 
   321       1220      0 0.000000E+00 0.000000E+00 -.251000E+04 0.251000E+04 0.939650E+00 0.324480E+01 0.174748E+01 -.639497E-03 0.000000E+00 
   322       1220      0 0.000000E+00 0.000000E+00 -.251000E+04 0.251000E+04 0.939650E+00 0.883721E+01 0.241107E+01 -.107001E-02 0.000000E+00 
   323       1220      0 0.000000E+00 0.000000E+00 -.251000E+04 0.251000E+04 0.939650E+00 0.128417E+02 0.344065E+01 0.540718E-03 0.000000E+00 
   324       1120      0 0.000000E+00 0.000000E+00 -.251000E+04 0.251000E+04 0.938270E+00 0.787612E+01 -.100500E+01 -.798659E-03 0.000000E+00 
   325       1120      0 0.000000E+00 0.000000E+00 -.251000E+04 0.251000E+04 0.938270E+00 0.524707E+01 0.663934E+00 0.914213E-03 0.000000E+00 
   326       1220      0 0.000000E+00 0.000000E+00 -.251000E+04 0.251000E+04 0.939650E+00 0.694504E+01 0.443323E+01 0.217744E-02 0.000000E+00 
   327       1120      0 0.000000E+00 0.000000E+00 -.251000E+04 0.251000E+04 0.938270E+00 0.132900E+02 -.634833E+00 0.867820E-04 0.000000E+00 
   328       1120      0 0.000000E+00 0.000000E+00 -.251000E+04 0.251000E+04 0.938270E+00 0.679900E+01 -.411796E+01 -.153573E-02 0.000000E+00 
   329       1120      0 0.000000E+00 0.000000E+00 -.251000E+04 0.251000E+04 0.938270E+00 0.133504E+02 -.268026E+01 0.250157E-03 0.000000E+00 
   330       1220      0 0.000000E+00 0.000000E+00 -.251000E+04 0.251000E+04 0.939650E+00 0.995660E+01 -.374685E+00 0.368166E-03 0.000000E+00 
   331       1120      0 0.000000E+00 0.000000E+00 -.251000E+04 0.251000E+04 0.938270E+00 0.104412E+02 0.522910E+01 0.916296E-03 0.000000E+00 
   332       1220      0 0.000000E+00 0.000000E+00 -.251000E+04 0.251000E+04 0.939650E+00 0.132093E+02 0.307493E+01 0.103657E-02 0.000000E+00 
   333       1220      0 0.000000E+00 0.000000E+00 -.251000E+04 0.251000E+04 0.939650E+00 0.783095E+01 0.149948E+01 -.110134E-02 0.000000E+00 
   334       1220      0 0.000000E+00 0.000000E+00 -.251000E+04 0.251000E+04 0.939650E+00 0.145802E+02 0.179272E+00 -.546416E-03 0.000000E+00 
   335       1220      0 0.000000E+00 0.000000E+00 -.251000E+04 0.251000E+04 0.939650E+00 0.637196E+01 -.673755E+01 0.127760E-03 0.000000E+00 
   336       1220      0 0.000000E+00 0.000000E+00 -.251000E+04 0.251000E+04 0.939650E+00 0.486066E+01 0.517881E+01 -.147582E-02 0.000000E+00 
   337       1220      0 0.000000E+00 0.000000E+00 -.251000E+04 0.251000E+04 0.939650E+00 0.137499E+02 -.644154E+01 -.176184E-02 0.000000E+00 
   338       1120      0 0.000000E+00 0.000000E+00 -.251000E+04 0.251000E+04 0.938270E+00 0.572901E+01 -.537658E+01 -.189751E-04 0.000000E+00 
   339       1220      0 0.000000E+00 0.000000E+00 -.251000E+04 0.251000E+04 0.939650E+00 0.118090E+02 -.603633E+00 0.272160E-03 0.000000E+00 
   340       1220      0 0.000000E+00 0.000000E+00 -.251000E+04 0.251000E+04 0.939650E+00 0.573681E+01 0.594765E+00 -.117485E-02 0.000000E+00 
   341       1120      0 0.000000E+00 0.000000E+00 -.251000E+04 0.251000E+04 0.938270E+00 0.134189E+02 0.292365E+00 -.515869E-03 0.000000E+00 
   342       1220      0 0.000000E+00 0.000000E+00 -.251000E+04 0.251000E+04 0.939650E+00 0.778901E+01 0.106416E+01 0.299780E-03 0.000000E+00 
   343       1220      0 0.000000E+00 0.000000E+00 -.251000E+04 0.251000E+04 0.939650E+00 0.571635E+01 -.782812E+00 0.907911E-04 0.000000E+00 
   344       1120      0 0.000000E+00 0.000000E+00 -.251000E+04 0.251000E+04 0.938270E+00 0.126143E+02 -.198633E+01 -.188877E-03 0.000000E+00 
   345       1220      0 0.000000E+00 0.000000E+00 -.251000E+04 0.251000E+04 0.939650E+00 0.135000E+02 -.318860E+00 0.116570E-02 0.000000E+00 
   346       1220      0 0.000000E+00 0.000000E+00 -.251000E+04 0.251000E+04 0.939650E+00 0.122028E+02 0.862453E-01 0.384244E-03 0.000000E+00 
   347       1220      0 0.000000E+00 0.000000E+00 -.251000E+04 0.251000E+04 0.939650E+00 0.776310E+01 0.178685E+01 -.203695E-02 0.000000E+00 
   348       1220      0 0.000000E+00 0.000000E+00 -.251000E+04 0.251000E+04 0.939650E+00 0.431492E+01 0.457749E+01 0.807347E-03 0.000000E+00 
   349       1220      0 0.000000E+00 0.000000E+00 -.251000E+04 0.251000E+04 0.939650E+00 0.763209E+01 0.458826E+01 0.145577E-02 0.000000E+00 
   350       1220      0 0.000000E+00 0.000000E+00 -.251000E+04 0.251000E+04 0.939650E+00 0.138292E+02 0.307626E+01 -.272416E-04 0.000000E+00 
   351       1220      0 0.000000E+00 0.000000E+00 -.251000E+04 0.251000E+04 0.939650E+00 0.134216E+02 0.538865E+01 0.488164E-04 0.000000E+00 
   352       1220      0 0.000000E+00 0.000000E+00 -.251000E+04 0.251000E+04 0.939650E+00 0.855991E+01 0.160611E+01 -.174468E-02 0.000000E+00 
   353       1220      0 0.000000E+00 0.000000E+00 -.251000E+04 0.251000E+04 0.939650E+00 0.819425E+01 0.111397E+01 0.271445E-02 0.000000E+00 
   354       1220      0 0.000000E+00 0.000000E+00 -.251000E+04 0.251000E+04 0.939650E+00 0.968222E+01 0.203352E+01 0.113648E-02 0.000000E+00 
   355       1120      0 0.000000E+00 0.000000E+00 -.251000E+04 0.251000E+04 0.938270E+00 0.658944E+01 0.763230E+00 0.709020E-03 0.000000E+00 
   356       1220      0 0.000000E+00 0.000000E+00 -.251000E+04 0.251000E+04 0.939650E+00 0.623140E+01 0.201802E+01 0.528048E-03 0.000000E+00 
   357       1220      0 0.000000E+00 0.000000E+00 -.251000E+04 0.251000E+04 0.939650E+00 0.537101E+01 0.187304E+01 -.152814E-02 0.000000E+00 
   358       1120      0 0.000000E+00 0.000000E+00 -.251000E+04 0.251000E+04 0.938270E+00 0.605161E+01 0.110607E+01 -.325631E-03 0.000000E+00 
   359       1220      0 0.000000E+00 0.000000E+00 -.251000E+04 0.251000E+04 0.939650E+00 0.799957E+01 -.507998E+00 0.878650E-03 0.000000E+00 
   360       1120      0 0.000000E+00 0.000000E+00 -.251000E+04 0.251000E+04 0.938270E+00 0.718677E+01 0.165585E+01 0.113677E-02 0.000000E+00 
   361       1120      0 0.000000E+00 0.000000E+00 -.251000E+04 0.251000E+04 0.938270E+00 0.840652E+01 -.196015E+01 0.250289E-02 0.000000E+00 
   362       1220      0 0.000000E+00 0.000000E+00 -.251000E+04 0.251000E+04 0.939650E+00 0.106541E+02 0.260589E+01 0.342308E-03 0.000000E+00 
   363       1220      0 0.000000E+00 0.000000E+00 -.251000E+04 0.251000E+04 0.939650E+00 0.117754E+02 0.451061E+01 0.124324E-02 0.000000E+00 
   364       1220      0 0.000000E+00 0.000000E+00 -.251000E+04 0.251000E+04 0.939650E+00 0.108641E+02 0.126195E+01 0.191344E-02 0.000000E+00 
   365       1220      0 0.000000E+00 0.000000E+00 -.251000E+04 0.251000E+04 0.939650E+00 0.109774E+02 0.364330E+01 -.113168E-02 0.000000E+00 
   366       1120      0 0.000000E+00 0.000000E+00 -.251000E+04 0.251000E+04 0.938270E+00 0.441078E+01 -.351958E+01 -.102951E-03 0.000000E+00 
   367       1220      0 0.000000E+00 0.000000E+00 -.251000E+04 0.251000E+04 0.939650E+00 0.115987E+02 0.405944E+01 0.712177E-03 0.000000E+00 
   368       1120      0 0.000000E+00 0.000000E+00 -.251000E+04 0.251000E+04 0.938270E+00 0.116078E+02 0.225429E+01 0.952687E-03 0.000000E+00 
   369       1220      0 0.000000E+00 0.000000E+00 -.251000E+04 0.251000E+04 0.939650E+00 0.103987E+02 0.170795E+01 0.125269E-02 0.000000E+00 
   370       1120      0 0.000000E+00 0.000000E+00 -.251000E+04 0.251000E+04 0.938270E+00 0.787301E+01 -.518810E+01 -.538021E-03 0.000000E+00 
   371       1220      0 0.000000E+00 0.000000E+00 -.251000E+04 0.251000E+04 0.939650E+00 0.199765E+01 0.195356E+01 -.678489E-03 0.000000E+00 
   372       1220      0 0.000000E+00 0.000000E+00 -.251000E+04 0.251000E+04 0.939650E+00 0.110653E+02 0.521819E+01 -.227643E-02 0.000000E+00 
   373       1220      0 0.000000E+00 0.000000E+00 -.251000E+04 0.251000E+04 0.939650E+00 0.563726E+01 -.179946E+01 0.894154E-03 0.000000E+00 
   374       1120      0 0.000000E+00 0.000000E+00 -.251000E+04 0.251000E+04 0.938270E+00 0.150607E+02 0.277703E+01 -.392333E-03 0.000000E+00 
   375       1220      0 0.000000E+00 0.000000E+00 -.251000E+04 0.251000E+04 0.939650E+00 0.674021E+01 -.109472E+01 0.841573E-03 0.000000E+00 
   376       1120      0 0.000000E+00 0.000000E+00 -.251000E+04 0.251000E+04 0.938270E+00 0.754004E+01 -.306850E+01 -.623592E-03 0.000000E+00 
   377       1220      0 0.000000E+00 0.000000E+00 -.251000E+04 0.251000E+04 0.939650E+00 0.127894E+02 -.378426E+01 0.826948E-03 0.000000E+00 
   378       1120      0 0.000000E+00 0.000000E+00 -.251000E+04 0.251000E+04 0.938270E+00 0.961994E+01 -.501892E+01 0.739949E-03 0.000000E+00 
   379       1220      0 0.000000E+00 0.000000E+00 -.251000E+04 0.251000E+04 0.939650E+00 0.101343E+02 0.124901E+01 0.800665E-04 0.000000E+00 
   380       1220      0 0.000000E+00 0.000000E+00 -.251000E+04 0.251000E+04 0.939650E+00 0.266303E+01 0.695864E+00 -.636198E-03 0.000000E+00 
   381       1120      0 0.000000E+00 0.000000E+00 -.251000E+04 0.251000E+04 0.938270E+00 0.117806E+02 -.451357E+01 -.116704E-03 0.000000E+00 
   382       1220      0 0.000000E+00 0.000000E+00 -.251000E+04 0.251000E+04 0.939650E+00 0.137526E+02 -.358480E+01 -.142362E-02 0.000000E+00 
   383       1120      0 0.000000E+00 0.000000E+00 -.251000E+04 0.251000E+04 0.938270E+00 0.410664E+01 0.848643E+00 0.341753E-03 0.000000E+00 
   384       1120      0 0.000000E+00 0.000000E+00 -.251000E+04 0.251000E+04 0.938270E+00 0.655946E+01 0.807803E-01 -.117089E-02 0.000000E+00 
   385       1120      0 0.000000E+00 0.000000E+00 -.251000E+04 0.251000E+04 0.938270E+00 0.435760E+01 -.526777E+01 0.163569E-02 0.000000E+00 
   386       1220      0 0.000000E+00 0.000000E+00 -.251000E+04 0.251000E+04 0.939650E+00 0.128850E+02 0.288191E+01 0.820331E-03 0.000000E+00 
   387       1220      0 0.000000E+00 0.000000E+00 -.251000E+04 0.251000E+04 0.939650E+00 0.262076E+01 -.120830E+01 -.664277E-03 0.000000E+00 
   388       1120      0 0.000000E+00 0.000000E+00 -.251000E+04 0.251000E+04 0.938270E+00 0.788336E+01 0.343903E+01 -.118581E-02 0.000000E+00 
   389       1220      0 0.000000E+00 0.000000E+00 -.251000E+04 0.251000E+04 0.939650E+00 0.128283E+02 0.124047E+01 -.209060E-02 0.000000E+00 
   390       1120      0 0.000000E+00 0.000000E+00 -.251000E+04 0.251000E+04 0.938270E+00 0.789170E+01 0.400262E+01 -.180663E-02 0.000000E+00 
   391       1220      0 0.000000E+00 0.000000E+00 -.251000E+04 0.251000E+04 0.939650E+00 0.851636E+01 -.340323E+00 -.104194E-02 0.000000E+00 
   392       1220      0 0.000000E+00 0.000000E+00 -.251000E+04 0.251000E+04 0.939650E+00 0.502453E+01 0.152648E+01 0.201908E-02 0.000000E+00 
   393       1120      0 0.000000E+00 0.000000E+00 -.251000E+04 0.251000E+04 0.938270E+00 0.732215E+01 -.304490E+01 0.394088E-03 0.000000E+00 
   394       1120      0 0.000000E+00 0.000000E+00 -.251000E+04 0.251000E+04 0.938270E+00 0.151208E+02 0.128547E+01 0.145487E-02 0.000000E+00 
   395       1120      0 0.000000E+00 0.000000E+00 -.251000E+04 0.251000E+04 0.938270E+00 0.136904E+02 0.101190E+01 -.646303E-05 0.000000E+00 
   396       1220      0 0.000000E+00 0.000000E+00 -.251000E+04 0.251000E+04 0.939650E+00 0.104481E+02 -.164041E+00 -.106529E-02 0.000000E+00 
   397       1220      0 0.000000E+00 0.000000E+00 -.251000E+04 0.251000E+04 0.939650E+00 0.100533E+02 -.227011E+01 -.159804E-03 0.000000E+00 
   398       1220      0 0.000000E+00 0.000000E+00 -.251000E+04 0.251000E+04 0.939650E+00 0.123062E+02 0.310352E+01 -.972204E-03 0.000000E+00 
   399       1120      0 0.000000E+00 0.000000E+00 -.251000E+04 0.251000E+04 0.938270E+00 0.420783E+01 0.281836E+01 -.193664E-03 0.000000E+00 
   400       1220      0 0.000000E+00 0.000000E+00 -.251000E+04 0.251000E+04 0.939650E+00 0.808318E+01 0.415503E+01 -.187142E-02 0.000000E+00 
   401       1220      0 0.000000E+00 0.000000E+00 -.251000E+04 0.251000E+04 0.939650E+00 0.579753E+01 0.132260E+01 -.867410E-03 0.000000E+00 
   402       1120      0 0.000000E+00 0.000000E+00 -.251000E+04 0.251000E+04 0.938270E+00 0.127998E+02 0.543114E+00 -.240392E-04 0.000000E+00 
   403       1220      0 0.000000E+00 0.000000E+00 -.251000E+04 0.251000E+04 0.939650E+00 0.892955E+01 -.385626E+01 -.170215E-02 0.000000E+00 
   404       1220      0 0.000000E+00 0.000000E+00 -.251000E+04 0.251000E+04 0.939650E+00 0.915566E+01 -.846137E+00 -.229941E-02 0.000000E+00 
   405       1220      0 0.000000E+00 0.000000E+00 -.251000E+04 0.251000E+04 0.939650E+00 0.794467E+01 -.875861E-01 0.256907E-02 0.000000E+00 
   406       1220      0 0.000000E+00 0.000000E+00 -.251000E+04 0.251000E+04 0.939650E+00 0.802420E+01 -.580484E+01 -.147287E-02 0.000000E+00 
   407       1220      0 0.000000E+00 0.000000E+00 -.251000E+04 0.251000E+04 0.939650E+00 0.113124E+02 -.117872E+01 0.161490E-02 0.000000E+00 
   408       1120      0 0.000000E+00 0.000000E+00 -.251000E+04 0.251000E+04 0.938270E+00 0.491247E+01 0.326962E+01 -.132530E-02 0.000000E+00 
   409       1220      1 0.000000E+00 0.000000E+00 -.251000E+04 0.251000E+04 0.939650E+00 0.802935E+00 0.183912E+01 0.818124E-03 0.000000E+00 
   410       1120      0 0.000000E+00 0.000000E+00 -.251000E+04 0.251000E+04 0.938270E+00 0.726179E+01 0.401939E+01 -.867071E-03 0.000000E+00 
   411       1120      0 0.000000E+00 0.000000E+00 -.251000E+04 0.251000E+04 0.938270E+00 0.770277E+01 -.199552E+01 -.134265E-02 0.000000E+00 
   412       1120      0 0.000000E+00 0.000000E+00 -.251000E+04 0.251000E+04 0.938270E+00 0.780361E+01 -.427697E+01 0.385782E-03 0.000000E+00 
   413       1220      0 0.000000E+00 0.000000E+00 -.251000E+04 0.251000E+04 0.939650E+00 0.126809E+02 -.197391E+00 -.239490E-03 0.000000E+00 
   414       1220      0 0.000000E+00 0.000000E+00 -.251000E+04 0.251000E+04 0.939650E+00 0.156691E+02 -.146560E+01 -.654755E-03 0.000000E+00 
   415       1220      0 0.000000E+00 0.000000E+00 -.251000E+04 0.251000E+04 0.939650E+00 0.121590E+02 0.214504E+01 0.590093E-03 0.000000E+00 
   416       1120      0 0.000000E+00 0.000000E+00 -.251000E+04 0.251000E+04 0.938270E+00 0.905748E+01 -.226783E+01 -.158637E-02 0.000000E+00 
   419          9     25 -.254871E+00 0.211913E+01 0.218229E+03 0.218239E+03 0.000000E+00 -.502355E-01 -.699580E-02 0.113839E-03 0.704285E-03 
   420          9     25 0.255952E+00 -.212003E+01 0.108686E+03 0.108707E+03 0.000000E+00 -.502355E-01 -.699580E-02 0.113839E-03 0.704285E-03 
   421         -2     21 -.768893E+00 -.119548E+00 -.469583E+03 0.469584E+03 0.000000E+00 -.502355E-01 -.699580E-02 0.113839E-03 0.704285E-03 
   422          9     21 0.997453E-01 0.229173E+00 0.715392E+02 0.715397E+02 0.000000E+00 -.502355E-01 -.699580E-02 0.113839E-03 0.704285E-03 
   423          9     21 0.197591E+00 0.112552E+01 0.196753E+03 0.196756E+03 0.000000E+00 -.502355E-01 -.699580E-02 0.113839E-03 0.704285E-03 
   424          9     21 -.398080E+00 0.542651E+00 0.236605E+02 0.236701E+02 0.000000E+00 -.502355E-01 -.699580E-02 0.113839E-03 0.704285E-03 
   425          2     21 -.747064E+00 -.533619E+00 0.737689E+01 0.743380E+01 0.000000E+00 -.502355E-01 -.699580E-02 0.113839E-03 0.704285E-03 
   426          1     21 -.525434E+00 0.707381E+00 -.128332E+02 0.128634E+02 0.000000E+00 -.502355E-01 -.699580E-02 0.113839E-03 0.704285E-03 
   427          9     21 -.223555E+00 -.444010E+00 0.548425E+02 0.548448E+02 0.000000E+00 -.502355E-01 -.699580E-02 0.113839E-03 0.704285E-03 
   428          9     21 0.425125E+00 -.122506E+01 0.516590E+02 0.516753E+02 0.000000E+00 -.502355E-01 -.699580E-02 0.113839E-03 0.704285E-03 
   429         -2     21 -.836368E+00 -.183736E+00 0.476995E+03 0.476996E+03 0.000000E+00 -.502355E-01 -.699580E-02 0.113839E-03 0.704285E-03 
   432       1200     21 0.166665E+01 0.875095E+00 0.169790E+04 0.169790E+04 0.000000E+00 -.104359E+01 0.976913E+00 0.340093E+03 0.340099E+03 
   433          2     21 -.840888E-01 -.157860E+00 0.736080E+00 0.757499E+00 0.000000E+00 -.130971E+01 0.856305E+00 0.544551E+02 0.544572E+02 
   434       2200     21 0.130498E+01 -.696985E+00 -.202720E+04 0.202720E+04 0.000000E+00 0.823985E+00 0.182957E+01 -.329778E+02 0.329796E+02 
   435          1     21 -.108609E-01 0.110178E+00 -.301491E+00 0.321176E+00 0.000000E+00 0.876529E+00 0.180575E+01 -.115299E+03 0.115302E+03 
   437        121      3 0.228323E-01 -.289347E+00 -.187029E+02 0.187134E+02 0.552836E+00 -.546594E-01 -.204278E+00 -.107625E+02 0.107693E+02 
   438        221      3 -.254668E+00 -.252695E+00 -.910639E+02 0.910659E+02 0.488646E+00 -.105048E+01 -.101285E+01 -.351387E+03 0.351396E+03 
   439       -130      3 -.713672E-01 0.459188E+00 -.157111E+03 0.157113E+03 0.493680E+00 -.122305E+00 0.312930E+00 -.119993E+03 0.119995E+03 
   440        130      3 -.154997E+00 -.158724E+00 -.244732E+02 0.244792E+02 0.493680E+00 -.110679E+00 -.816858E-01 -.677055E+01 0.677302E+01 
   441      -1115      3 -.139268E+00 0.432395E-01 -.996800E+02 0.996982E+02 0.189593E+01 -.735285E-01 -.359947E-01 -.410131E+01 0.410287E+01 
   442       1213      3 -.277236E+00 0.165836E+00 -.563565E+02 0.563922E+02 0.198011E+01 -.122703E+00 -.493122E-02 -.111609E+02 0.111688E+02 
   443       -230      3 0.266885E+00 -.324745E+00 -.227234E+01 0.236386E+01 0.497610E+00 0.107893E+01 -.143311E+01 -.976345E+01 0.101575E+02 
   444        130      3 0.452092E+00 0.206935E+00 -.580074E+01 0.584290E+01 0.493680E+00 0.107972E+01 0.487476E+00 -.147235E+02 0.148314E+02 
   445       -121      3 -.316986E+00 0.427740E+00 -.678484E+01 0.683980E+01 0.682155E+00 -.104765E+00 0.121089E-01 -.791130E+00 0.798357E+00 
   446        110      3 0.691471E+00 -.834756E+00 -.595140E+01 0.605082E+01 0.134970E+00 0.405537E+01 -.501533E+01 -.354874E+02 0.360811E+02 
   447        110      3 -.142928E+01 0.592699E+00 -.165203E+01 0.226750E+01 0.134971E+00 -.883557E+01 0.359807E+01 -.101341E+02 0.139104E+02 
   448        220      3 0.533409E+00 0.282490E+00 0.981651E+00 0.127598E+01 0.547860E+00 0.446734E+00 0.234719E+00 0.947026E+00 0.123153E+01 
   449       -230      3 -.662484E+00 -.635209E+00 0.163186E+01 0.193726E+01 0.497610E+00 -.731128E-01 -.428697E-01 0.132050E-01 0.162454E-01 
   450        331      3 0.116986E+00 -.948392E-01 0.286428E+01 0.304797E+01 0.103117E+01 -.647225E-01 -.402673E-01 0.745826E-01 0.799487E-01 
   451      -1137      3 0.445589E+00 0.218716E+00 0.110254E+02 0.112035E+02 0.192660E+01 0.183768E+00 0.857066E-01 0.622472E+01 0.632584E+01 
   452       1111      3 0.483400E+00 0.191086E+00 0.350867E+02 0.351121E+02 0.123200E+01 0.645480E+00 0.244182E+00 0.517720E+02 0.518102E+02 
   453       -120      3 -.471333E+00 0.601527E-01 0.100046E+02 0.100169E+02 0.139570E+00 -.243366E+01 0.264164E+00 0.502186E+02 0.502806E+02 
   454        120      3 -.140549E-01 -.613082E-01 0.457397E+01 0.457653E+01 0.139570E+00 -.965752E-01 -.163301E+00 0.936517E+01 0.937101E+01 
   455        221      3 0.382204E+00 0.782742E+00 0.129481E+03 0.129486E+03 0.803863E+00 0.199710E+00 0.510075E+00 0.906249E+02 0.906293E+02 
   456       -131      3 -.103825E+01 0.701726E+00 0.487878E+02 0.488111E+02 0.835326E+00 -.451329E+00 0.221445E+00 0.180224E+02 0.180316E+02 
   457        230      3 0.540750E+00 -.629358E+00 0.285150E+02 0.285314E+02 0.497610E+00 0.498033E+00 -.696323E+00 0.298377E+02 0.298555E+02 
   458        111      3 -.737485E+00 0.357934E+00 0.179640E+02 0.179913E+02 0.556237E+00 -.197244E+01 0.886635E+00 0.463944E+02 0.464654E+02 
   460        120      3 -.172255E+00 0.516809E+00 -.279641E+01 0.285239E+01 0.139570E+00 -.437987E+00 0.107437E+01 -.623397E+01 0.635959E+01 
   461       -121      3 -.170870E+00 -.158117E+00 -.777861E+01 0.781408E+01 0.706223E+00 -.252869E+00 -.261814E+00 -.905419E+01 0.909629E+01 
   462        110      3 -.182971E-01 -.612426E-02 -.144810E+00 0.198894E+00 0.134970E+00 -.115465E+00 -.983467E-01 -.486529E+00 0.669100E+00 
   463        120      3 -.504111E+00 0.684100E+00 -.106024E+01 0.136591E+01 0.139570E+00 -.127977E+01 0.158569E+01 -.257797E+01 0.332206E+01 
   464       -120      3 0.623496E+00 -.452317E+00 0.420325E+00 0.888533E+00 0.139569E+00 0.231250E+01 -.179453E+01 0.159546E+01 0.337313E+01 
   465        131      3 -.447240E+00 0.225472E+00 -.261044E+00 0.105558E+01 0.891760E+00 -.483217E+00 0.138632E+00 -.250425E+00 0.101380E+01 
   466       -131      3 0.245192E+00 -.601719E-02 0.680802E+01 0.687056E+01 0.891760E+00 0.305271E+00 -.865820E-01 0.997500E+01 0.100672E+02 
   467        220      3 0.315736E-01 -.988618E+00 0.469225E+02 0.469361E+02 0.547860E+00 -.500054E-01 -.202094E+00 0.590107E+01 0.590337E+01 
   468        120      3 0.195462E+00 0.400280E+00 0.140257E+02 0.140334E+02 0.139570E+00 0.345686E+01 0.711196E+01 0.251925E+03 0.252066E+03 
   469        111      3 -.263376E+00 -.165916E+00 0.119577E+02 0.119779E+02 0.621010E+00 -.158373E+01 -.104144E+01 0.694533E+02 0.695710E+02 
   470       -120      3 0.342762E-01 -.131397E+00 0.208458E+01 0.209366E+01 0.139570E+00 0.418075E-01 -.444950E+00 0.582539E+01 0.585135E+01 
   471        110      3 0.247433E+00 0.183256E+00 0.214967E+02 0.214993E+02 0.134969E+00 0.476168E+01 0.348885E+01 0.418379E+03 0.418431E+03 
   472        121      3 -.603829E+00 -.488100E+00 0.333248E+02 0.333376E+02 0.503437E+00 -.108075E+01 -.907746E+00 0.566666E+02 0.566890E+02 
   473       2237      3 -.634690E+00 -.355828E+00 0.208980E+03 0.208991E+03 0.197704E+01 -.431584E+00 -.289465E+00 0.124333E+03 0.124340E+03 
   474      -2233      3 0.265397E+00 -.429574E+00 0.221175E+03 0.221182E+03 0.170493E+01 0.181894E-01 -.194573E+00 0.601408E+02 0.601434E+02 
   476       2219      3 0.111824E+01 0.770808E+00 0.112601E+04 0.112601E+04 0.192324E+01 -.961791E+00 0.107093E+01 0.390612E+03 0.390617E+03 
   477        121      3 0.426761E+00 -.482980E-01 0.387154E+03 0.387155E+03 0.771737E+00 -.931934E+00 0.102729E+01 0.412693E+03 0.412699E+03 
   478       -120      3 -.226583E+00 0.393037E-03 0.284324E+02 0.284336E+02 0.139570E+00 -.116022E+01 0.103661E+01 0.358697E+03 0.358703E+03 
   479       -230      3 0.125559E+00 -.158763E-01 0.231441E+02 0.231497E+02 0.497610E+00 -.820411E+00 0.101213E+01 0.375401E+03 0.375415E+03 
   480        230      3 -.929437E-01 0.337672E+00 0.543520E+02 0.543554E+02 0.497610E+00 -.113749E+01 0.149241E+01 0.413500E+03 0.413510E+03 
   481        111      3 0.198483E+00 -.403391E+00 0.283679E+02 0.283771E+02 0.564823E+00 -.585863E+00 0.170362E+00 0.400992E+03 0.401018E+03 
   483       2221      3 0.837519E+00 -.317448E+00 -.100828E+04 0.100829E+04 0.123200E+01 0.103965E+01 0.174198E+01 -.300328E+03 0.300330E+03 
   484        120      3 -.359390E-01 -.177365E-01 -.435500E+02 0.435502E+02 0.139570E+00 0.746038E+00 0.179084E+01 -.119665E+03 0.119668E+03 
   485       -121      3 0.281147E+00 -.205743E-01 -.847906E+03 0.847906E+03 0.881790E+00 0.173657E+01 0.175890E+01 -.280456E+04 0.280457E+04 
   486        120      3 0.180188E+00 -.309430E+00 -.168547E+02 0.168591E+02 0.139569E+00 0.125222E+01 0.107976E+01 -.736337E+02 0.736461E+02 
   487       -120      3 0.477776E+00 0.411672E+00 -.573695E+02 0.573731E+02 0.139570E+00 0.614238E+01 0.641423E+01 -.672360E+03 0.672402E+03 
   488        121      3 -.486576E+00 -.425202E+00 -.496846E+02 0.496948E+02 0.775260E+00 0.363053E+00 0.142896E+01 -.793894E+02 0.794008E+02 
   489      -1230      1 0.197007E+00 0.649172E+00 0.936127E+01 0.946120E+01 0.119200E+01 0.268170E+00 0.127135E+00 0.831312E+01 0.844797E+01 
   490       1120      0 0.523198E+00 0.162546E+00 0.240720E+02 0.240965E+02 0.938000E+00 0.742407E+00 0.282497E+00 0.588073E+02 0.588506E+02 
   491       1220      0 -.709128E+00 -.801701E+00 0.130427E+03 0.130435E+03 0.938000E+00 -.661242E+00 -.418219E+00 0.199951E+03 0.199962E+03 
   492      -1230      1 0.336376E+00 -.232724E+00 0.211939E+03 0.211942E+03 0.119200E+01 0.743373E+00 -.136836E+01 0.664489E+03 0.664511E+03 
   493       1220      0 0.623685E+00 0.916745E+00 0.875252E+03 0.875253E+03 0.938000E+00 -.822537E+00 0.118087E+01 0.542021E+03 0.542027E+03 
   494       1120      0 0.497941E+00 -.305648E+00 -.602146E+03 0.602147E+03 0.938000E+00 0.347394E+01 0.142991E+01 -.404929E+04 0.404930E+04 
   495       -120      0 -.132644E+00 -.223166E+00 -.498252E+02 0.498260E+02 0.138000E+00 -.297704E+02 -.295102E+02 -.106210E+05 0.106212E+05 
   496       -130      0 -.713672E-01 0.459188E+00 -.157111E+03 0.157113E+03 0.493680E+00 -.122305E+00 0.312930E+00 -.119993E+03 0.119995E+03 
   497        230      1 -.409228E+00 0.751852E+00 -.182148E+02 0.182416E+02 0.497610E+00 -.995461E+00 0.212318E+01 -.844538E+02 0.845872E+02 
   498       -230      1 0.266885E+00 -.324745E+00 -.227234E+01 0.236398E+01 0.497610E+00 0.107893E+01 -.143311E+01 -.976345E+01 0.101575E+02 
   499        130      0 0.452092E+00 0.206935E+00 -.580074E+01 0.584290E+01 0.493680E+00 0.107972E+01 0.487476E+00 -.147235E+02 0.148314E+02 
   500       -120      0 -.489829E+00 0.387067E+00 -.516405E+01 0.520348E+01 0.138000E+00 -.236190E+01 0.305787E+01 -.491033E+02 0.495019E+02 
   501        110      0 0.691471E+00 -.834756E+00 -.595140E+01 0.605082E+01 0.134970E+00 0.405537E+01 -.501533E+01 -.354874E+02 0.360811E+02 
   502        110      0 -.142928E+01 0.592699E+00 -.165203E+01 0.226750E+01 0.134971E+00 -.883557E+01 0.359807E+01 -.101341E+02 0.139104E+02 
   503        220      1 0.533409E+00 0.282490E+00 0.981651E+00 0.127597E+01 0.547857E+00 0.446734E+00 0.234719E+00 0.947026E+00 0.123153E+01 
   504       -230      1 -.662484E+00 -.635209E+00 0.163186E+01 0.193731E+01 0.497610E+00 -.731128E-01 -.428697E-01 0.132050E-01 0.162454E-01 
   505        130      0 -.793590E-01 -.170037E-01 0.151908E+01 0.159945E+01 0.494000E+00 0.206465E+01 -.176653E+01 0.522102E+02 0.555590E+02 
   506       -120      0 -.471333E+00 0.601527E-01 0.100046E+02 0.100169E+02 0.139570E+00 -.243366E+01 0.264164E+00 0.502186E+02 0.502806E+02 
   507        120      0 -.140549E-01 -.613082E-01 0.457397E+01 0.457653E+01 0.139570E+00 -.965752E-01 -.163301E+00 0.936517E+01 0.937101E+01 
   508        120      0 0.337812E+00 0.390201E+00 0.447072E+02 0.447104E+02 0.138000E+00 0.294121E+00 0.703426E+00 0.122609E+03 0.122615E+03 
   509       -230      1 -.101433E+01 0.743466E+00 0.453729E+02 0.453930E+02 0.497610E+00 -.200644E+01 0.127250E+01 0.910978E+02 0.911418E+02 
   510        230      1 0.540750E+00 -.629358E+00 0.285150E+02 0.285314E+02 0.497610E+00 0.498033E+00 -.696323E+00 0.298377E+02 0.298555E+02 
   511       -120      0 -.179692E+00 0.230155E+00 0.101575E+02 0.101627E+02 0.138000E+00 -.197847E+01 0.889560E+00 0.465412E+02 0.466125E+02 
   512        120      0 -.172255E+00 0.516809E+00 -.279641E+01 0.285239E+01 0.139570E+00 -.437987E+00 0.107437E+01 -.623397E+01 0.635959E+01 
   513        110      0 -.182971E-01 -.612426E-02 -.144810E+00 0.198894E+00 0.134970E+00 -.115465E+00 -.983467E-01 -.486529E+00 0.669100E+00 
   514        120      0 -.504111E+00 0.684100E+00 -.106024E+01 0.136591E+01 0.139570E+00 -.127977E+01 0.158569E+01 -.257797E+01 0.332206E+01 
   515       -120      0 0.623496E+00 -.452317E+00 0.420325E+00 0.888533E+00 0.139569E+00 0.231250E+01 -.179453E+01 0.159546E+01 0.337313E+01 
   516        230      1 -.392726E+00 0.288445E+00 -.434574E+00 0.818734E+00 0.497610E+00 -.148441E+01 0.643372E+00 -.834795E+00 0.337680E+01 
   517       -130      0 0.172458E+00 -.138938E+00 0.251316E+01 0.257081E+01 0.494000E+00 0.300407E+01 -.152812E+00 0.849100E+02 0.856905E+02 
   518        220      1 0.315736E-01 -.988618E+00 0.469225E+02 0.469361E+02 0.547861E+00 -.500054E-01 -.202094E+00 0.590107E+01 0.590337E+01 
   519        120      0 0.195462E+00 0.400280E+00 0.140257E+02 0.140334E+02 0.139570E+00 0.345686E+01 0.711196E+01 0.251925E+03 0.252066E+03 
   520       -120      0 -.239388E+00 -.335413E+00 0.962927E+01 0.963907E+01 0.138000E+00 -.198185E+01 -.129225E+01 0.875290E+02 0.876772E+02 
   521       -120      0 0.342762E-01 -.131397E+00 0.208458E+01 0.209365E+01 0.139570E+00 0.418075E-01 -.444950E+00 0.582539E+01 0.585135E+01 
   522        110      0 0.247433E+00 0.183256E+00 0.214967E+02 0.214993E+02 0.134969E+00 0.476168E+01 0.348885E+01 0.418379E+03 0.418431E+03 
   523        110      0 -.571143E-01 -.447984E-01 0.273773E+01 0.274217E+01 0.138000E+00 -.516587E+01 -.420992E+01 0.282121E+03 0.282230E+03 
   524       -120      0 -.422027E-01 -.504872E-02 0.338403E+02 0.338406E+02 0.138000E+00 -.135647E+01 0.786641E-01 0.182628E+04 0.182629E+04 
   525       -120      0 -.226583E+00 0.393037E-03 0.284324E+02 0.284336E+02 0.139570E+00 -.116022E+01 0.103661E+01 0.358697E+03 0.358703E+03 
   526       -230      1 -.263057E+00 0.228162E+00 0.513441E+02 0.513477E+02 0.497610E+00 -.442290E+00 0.964318E+00 0.445099E+03 0.445131E+03 
   527        230      1 -.929437E-01 0.337672E+00 0.543520E+02 0.543554E+02 0.497610E+00 -.113749E+01 0.149241E+01 0.413500E+03 0.413510E+03 
   528        120      0 0.288186E+00 -.368624E+00 0.145822E+02 0.145903E+02 0.138000E+00 0.372647E+00 -.177769E+01 0.537986E+03 0.538056E+03 
   529        120      0 -.359390E-01 -.177365E-01 -.435500E+02 0.435502E+02 0.139570E+00 0.746038E+00 0.179084E+01 -.119665E+03 0.119668E+03 
   530        120      0 0.180188E+00 -.309430E+00 -.168547E+02 0.168591E+02 0.139569E+00 0.125222E+01 0.107976E+01 -.736337E+02 0.736461E+02 
   531       -120      0 0.477776E+00 0.411672E+00 -.573695E+02 0.573731E+02 0.139570E+00 0.614238E+01 0.641423E+01 -.672360E+03 0.672402E+03 
   532        110      0 -.363007E+00 -.116589E+00 -.951361E+01 0.952225E+01 0.138000E+00 -.188845E+01 -.538553E+00 -.309292E+03 0.309350E+03 
   533        120      0 -.545138E-01 -.629733E-01 0.173530E+00 0.236842E+00 0.138000E+00 -.148441E+01 0.643372E+00 -.834795E+00 0.337680E+01 
   534       -120      0 0.248582E+00 -.430456E+00 0.166413E+01 0.174226E+01 0.138000E+00 0.268170E+00 0.127135E+00 0.831312E+01 0.844797E+01 
   535        110      0 -.395879E+00 -.212336E+00 -.453312E+01 0.455742E+01 0.138000E+00 -.355237E+00 -.356542E+00 -.137143E+02 0.137777E+02 
   536       -120      0 0.258357E+00 -.976333E-01 -.389972E+02 0.389984E+02 0.138000E+00 -.888421E-01 -.312403E-01 -.150618E+02 0.150654E+02 
   537       -120      0 -.627113E-01 -.101436E+00 -.784234E+01 0.784446E+01 0.138000E+00 -.143244E+00 -.294809E-01 -.199110E+02 0.199221E+02 
   538        120      0 -.557793E+00 0.127779E+00 0.780648E+01 0.782864E+01 0.138000E+00 -.197847E+01 0.889560E+00 0.465412E+02 0.466125E+02 
   539        120      0 0.117855E-01 -.372219E+00 -.163842E+02 0.163890E+02 0.138000E+00 -.924881E-02 -.779754E+00 -.479603E+02 0.479878E+02 
   540        110      0 0.172843E+00 0.406728E-01 -.162079E+01 0.163632E+01 0.138000E+00 -.236190E+01 0.305787E+01 -.491033E+02 0.495019E+02 
   541       -130      0 0.196345E+00 -.778355E-01 0.134520E+01 0.144852E+01 0.494000E+00 0.206465E+01 -.176653E+01 0.522102E+02 0.555590E+02 
   542        120      0 -.397982E-01 0.285399E-01 0.110147E+02 0.110157E+02 0.138000E+00 0.742407E+00 0.282497E+00 0.588073E+02 0.588506E+02 
   543        110      0 0.142355E+00 0.748239E-01 -.634470E+01 0.634824E+01 0.138000E+00 -.995461E+00 0.212318E+01 -.844538E+02 0.845872E+02 
   544        110      0 0.727339E-01 0.132920E+00 0.429486E+01 0.429975E+01 0.138000E+00 0.300407E+01 -.152812E+00 0.849100E+02 0.856905E+02 
   545        120      0 -.239879E-01 0.169497E+00 0.232844E+01 0.233880E+01 0.138000E+00 -.198185E+01 -.129225E+01 0.875290E+02 0.876772E+02 
   546       -120      0 -.239198E-01 -.417400E-01 0.341494E+01 0.341807E+01 0.138000E+00 -.200644E+01 0.127250E+01 0.910978E+02 0.911418E+02 
   547        110      0 -.284033E+00 -.438453E+00 -.135088E+02 0.135196E+02 0.138000E+00 -.370819E+00 -.380544E+00 -.989592E+02 0.989920E+02 
   548       -120      0 -.157869E+00 0.151953E+00 0.280769E+02 0.280781E+02 0.138000E+00 0.294121E+00 0.703426E+00 0.122609E+03 0.122615E+03 
   549        110      0 0.202261E+00 0.240588E+00 0.566964E+02 0.566974E+02 0.138000E+00 0.294121E+00 0.703426E+00 0.122609E+03 0.122615E+03 
   550        120      0 -.334157E+00 -.107856E-02 -.238174E+02 0.238201E+02 0.138000E+00 -.860521E+00 -.386432E+00 -.170100E+03 0.170160E+03 
   551        110      0 0.528717E+00 -.998792E-01 -.143044E+02 0.143151E+02 0.138000E+00 0.277233E+00 -.384068E+00 -.164575E+03 0.164650E+03 
   552        110      0 0.323708E+00 -.511943E-01 -.125855E+02 0.125905E+02 0.138000E+00 0.389245E+00 -.280454E+00 -.216372E+03 0.216466E+03 
   553        120      0 -.311561E+00 0.115830E-01 -.207220E+02 0.207248E+02 0.138000E+00 -.957277E+00 -.357347E+00 -.173529E+03 0.173591E+03 
   554       -130      0 0.463054E+00 0.201834E+00 0.503531E+02 0.503581E+02 0.494000E+00 -.428924E+00 0.973327E+00 0.445111E+03 0.445131E+03 
   555       -120      0 -.429039E+00 0.187161E+00 -.223999E+02 0.224052E+02 0.138000E+00 0.108433E+00 -.718162E-01 -.261053E+03 0.261162E+03 
   556        110      0 0.242147E+00 -.483039E-01 -.733698E+01 0.734243E+01 0.138000E+00 0.108433E+00 -.718162E-01 -.261053E+03 0.261162E+03 
   557        120      0 -.546715E+00 -.443302E+00 0.305870E+02 0.305954E+02 0.138000E+00 -.516587E+01 -.420992E+01 0.282121E+03 0.282230E+03 
   558        120      0 -.123569E+00 -.308613E+00 -.401710E+02 0.401726E+02 0.138000E+00 -.188845E+01 -.538553E+00 -.309292E+03 0.309350E+03 
   559        120      0 0.686809E+00 0.426314E-01 0.290067E+03 0.290068E+03 0.138000E+00 -.794353E+00 0.115064E+01 0.530581E+03 0.530588E+03 
   560        110      0 0.346226E+00 -.210816E-01 0.721551E+02 0.721561E+02 0.138000E+00 -.811429E+00 0.101366E+01 0.522014E+03 0.522020E+03 
   561       -120      0 -.897025E-01 -.347674E-01 0.137858E+02 0.137868E+02 0.138000E+00 0.372647E+00 -.177769E+01 0.537986E+03 0.538056E+03 
   562        120      0 -.709794E-01 -.196850E+00 0.923612E+01 0.923952E+01 0.138000E+00 0.743373E+00 -.136836E+01 0.664489E+03 0.664511E+03 
   563       -120      0 0.354763E+00 -.198432E+00 -.205381E+03 0.205381E+03 0.138000E+00 0.182092E+01 0.144585E+01 -.124089E+04 0.124090E+04 
   564        120      0 -.695183E-01 -.210736E+00 0.241850E+03 0.241850E+03 0.138000E+00 -.135647E+01 0.786641E-01 0.182628E+04 0.182629E+04 
   565       -120      0 0.896625E-01 -.348540E-01 -.790555E+03 0.790555E+03 0.138000E+00 0.197553E+01 0.174141E+01 -.352523E+04 0.352523E+04 
   566       -120      0 0.176299E+00 0.200911E+00 -.258108E+03 0.258108E+03 0.138000E+00 0.347394E+01 0.142991E+01 -.404929E+04 0.404930E+04 
   567        110      0 -.777718E-01 0.519677E-02 -.224252E+02 0.224258E+02 0.138000E+00 -.297704E+02 -.295102E+02 -.106210E+05 0.106212E+05 
   568        120      0 -.442522E-01 -.347259E-01 -.188135E+02 0.188141E+02 0.138000E+00 -.297704E+02 -.295102E+02 -.106210E+05 0.106212E+05 
   569      13100      9 -.447240E+00 0.225472E+00 -.261044E+00 0.105662E+01 0.893000E+00 0.100000E-29 0.100000E-29 0.100000E-29 0.101380E+01 
   570     -12100      9 -.170870E+00 -.158117E+00 -.777861E+01 0.782000E+01 0.769000E+00 0.100000E-29 0.100000E-29 0.100000E-29 0.909629E+01 
   571      11100      9 -.737485E+00 0.357934E+00 0.179640E+02 0.179991E+02 0.769000E+00 0.100000E-29 0.100000E-29 0.100000E-29 0.464654E+02 
   572      12100      9 0.228323E-01 -.289347E+00 -.187029E+02 0.187210E+02 0.769000E+00 0.100000E-29 0.100000E-29 0.100000E-29 0.107693E+02 
   573     -12100      9 -.316986E+00 0.427740E+00 -.678484E+01 0.684901E+01 0.769000E+00 0.100000E-29 0.100000E-29 0.100000E-29 0.798357E+00 
   574      33100      9 0.116986E+00 -.948392E-01 0.286428E+01 0.304387E+01 0.101900E+01 0.100000E-29 0.100000E-29 0.100000E-29 0.799487E-01 
   575     111100      9 0.483400E+00 0.191086E+00 0.350867E+02 0.351121E+02 0.123200E+01 0.100000E-29 0.100000E-29 0.100000E-29 0.518102E+02 
   576      23101      9 -.266873E+00 0.826676E+00 -.245595E+02 0.245911E+02 0.893000E+00 0.100000E-29 0.100000E-29 0.100000E-29 0.196363E+02 
   577     -13101      9 0.245192E+00 -.601719E-02 0.680802E+01 0.687072E+01 0.893000E+00 0.100000E-29 0.100000E-29 0.100000E-29 0.100672E+02 
   578      11100      9 -.263376E+00 -.165916E+00 0.119577E+02 0.119865E+02 0.769000E+00 0.100000E-29 0.100000E-29 0.100000E-29 0.695710E+02 
   579     -13100      9 -.103825E+01 0.701726E+00 0.487878E+02 0.488121E+02 0.893000E+00 0.100000E-29 0.100000E-29 0.100000E-29 0.180316E+02 
   580     -12100      9 0.344065E+00 0.222669E-03 -.267657E+02 0.267789E+02 0.769000E+00 0.100000E-29 0.100000E-29 0.100000E-29 0.156305E+03 
   581     -12100      9 -.186892E+00 0.138857E+00 -.297369E+02 0.297477E+02 0.769000E+00 0.100000E-29 0.100000E-29 0.100000E-29 0.216466E+03 
   582      12100      9 -.603829E+00 -.488100E+00 0.333248E+02 0.333427E+02 0.769000E+00 0.100000E-29 0.100000E-29 0.100000E-29 0.566890E+02 
   583      12100      9 -.486576E+00 -.425202E+00 -.496846E+02 0.496947E+02 0.769000E+00 0.100000E-29 0.100000E-29 0.100000E-29 0.794008E+02 
   584      12100      9 0.426761E+00 -.482980E-01 0.387154E+03 0.387155E+03 0.769000E+00 0.100000E-29 0.100000E-29 0.100000E-29 0.412699E+03 
   585      11100      9 0.198483E+00 -.403391E+00 0.283679E+02 0.283819E+02 0.769000E+00 0.100000E-29 0.100000E-29 0.100000E-29 0.401018E+03 
   586     222100      9 0.531842E+00 0.846286E+00 0.920140E+03 0.920141E+03 0.123200E+01 0.100000E-29 0.100000E-29 0.100000E-29 0.515261E+03 
   587     222100      9 0.837519E+00 -.317448E+00 -.100828E+04 0.100829E+04 0.123200E+01 0.100000E-29 0.100000E-29 0.100000E-29 0.300330E+03 
   588     -12100      9 0.281147E+00 -.205743E-01 -.847906E+03 0.847906E+03 0.769000E+00 0.100000E-29 0.100000E-29 0.100000E-29 0.280457E+04 
   589     122100      9 0.674240E+00 -.104737E+00 -.860254E+03 0.860255E+03 0.123200E+01 0.100000E-29 0.100000E-29 0.100000E-29 0.392837E+04 
   590     122100      9 -.254668E+00 -.252695E+00 -.910639E+02 0.910729E+02 0.123200E+01 0.100000E-29 0.100000E-29 0.100000E-29 0.351396E+03 
   591      -2130      0 0.210223E+00 0.689724E+00 0.911033E+01 0.920668E+01 0.111568E+01 0.326676E+04 0.107638E+05 0.155224E+06 0.156881E+06 
   592         10      0 -.132161E-01 -.405523E-01 0.250931E+00 0.254530E+00 0.000000E+00 0.326676E+04 0.107638E+05 0.155224E+06 0.156881E+06 
   593      -2130      0 0.266868E+00 -.195298E+00 0.186915E+03 0.186919E+03 0.111568E+01 0.864170E+03 -.598734E+03 0.544678E+06 0.544688E+06 
   594         10      0 0.695079E-01 -.374258E-01 0.250235E+02 0.250236E+02 0.000000E+00 0.864170E+03 -.598734E+03 0.544678E+06 0.544688E+06 
   595        -20      0 -.409228E+00 0.751852E+00 -.182148E+02 0.182416E+02 0.494000E+00 -.289708E+02 0.535207E+02 -.132964E+04 0.133161E+04 
   596         20      0 0.266885E+00 -.324745E+00 -.227234E+01 0.236386E+01 0.497610E+00 0.427553E+02 -.521448E+02 -.364608E+03 0.379312E+03 
   597         10      0 0.350507E+00 0.307892E+00 0.266323E+00 0.537198E+00 0.000000E+00 0.740367E+05 0.392093E+05 0.136252E+06 0.177104E+06 
   598         10      0 0.182902E+00 -.254023E-01 0.715328E+00 0.738777E+00 0.000000E+00 0.740367E+05 0.392093E+05 0.136252E+06 0.177104E+06 
   599         20      0 -.662484E+00 -.635209E+00 0.163186E+01 0.193726E+01 0.497610E+00 -.576592E+02 -.552581E+02 0.141862E+03 0.168416E+03 
   600         20      0 -.101433E+01 0.743466E+00 0.453729E+02 0.453930E+02 0.494000E+00 -.284894E+03 0.208619E+03 0.127452E+05 0.127509E+05 
   601        -20      0 0.540750E+00 -.629358E+00 0.285150E+02 0.285314E+02 0.497610E+00 0.298677E+01 -.359287E+01 0.161075E+03 0.161168E+03 
   602         20      0 -.392726E+00 0.288445E+00 -.434574E+00 0.818734E+00 0.494000E+00 -.218541E+03 0.160065E+03 -.241021E+03 0.455885E+03 
   603        110      0 -.264842E-01 -.211271E+00 0.109487E+02 0.109516E+02 0.134970E+00 0.194502E+05 -.609018E+06 0.289057E+08 0.289141E+08 
   604        110      0 0.149065E+00 -.312320E+00 0.123608E+02 0.123664E+02 0.134970E+00 0.194502E+05 -.609018E+06 0.289057E+08 0.289141E+08 
   605        110      0 -.910072E-01 -.465026E+00 0.236130E+02 0.236181E+02 0.134970E+00 0.194502E+05 -.609018E+06 0.289057E+08 0.289141E+08 
   606         20      0 -.263057E+00 0.228162E+00 0.513441E+02 0.513477E+02 0.497610E+00 -.559597E+02 0.491173E+02 0.112811E+05 0.112819E+05 
   607         20      0 -.929437E-01 0.337672E+00 0.543520E+02 0.543554E+02 0.497610E+00 -.210338E+02 0.737773E+02 0.120485E+05 0.120493E+05 
   608        121      6 0.228323E-01 -.289347E+00 -.187029E+02 0.187134E+02 0.552836E+00 -.546594E-01 -.204278E+00 -.107625E+02 0.107693E+02 
   609        221      6 -.254668E+00 -.252695E+00 -.910639E+02 0.910680E+02 0.794761E+00 -.105048E+01 -.101285E+01 -.351387E+03 0.351396E+03 
   610       -130      8 -.713672E-01 0.459188E+00 -.157111E+03 0.157113E+03 0.493680E+00 -.122305E+00 0.312930E+00 -.119993E+03 0.119995E+03 
   611        130      8 -.154997E+00 -.158724E+00 -.244732E+02 0.244792E+02 0.493680E+00 -.110679E+00 -.816858E-01 -.677055E+01 0.677302E+01 
   612      -1115      6 -.139268E+00 0.432395E-01 -.996800E+02 0.996982E+02 0.189593E+01 -.735285E-01 -.359947E-01 -.410131E+01 0.410287E+01 
   613       1213      6 -.277236E+00 0.165836E+00 -.563565E+02 0.563922E+02 0.198011E+01 -.122703E+00 -.493122E-02 -.111609E+02 0.111688E+02 
   614       -230      6 0.266885E+00 -.324745E+00 -.227234E+01 0.236371E+01 0.497610E+00 0.107893E+01 -.143311E+01 -.976345E+01 0.101575E+02 
   615        130      8 0.452092E+00 0.206935E+00 -.580074E+01 0.584290E+01 0.493680E+00 0.107972E+01 0.487476E+00 -.147235E+02 0.148314E+02 
   616       -121      6 -.316986E+00 0.427740E+00 -.678484E+01 0.683980E+01 0.682155E+00 -.104765E+00 0.121089E-01 -.791130E+00 0.798357E+00 
   617        110      8 0.691471E+00 -.834756E+00 -.595140E+01 0.605082E+01 0.134970E+00 0.405537E+01 -.501533E+01 -.354874E+02 0.360811E+02 
   618        110      8 -.142928E+01 0.592699E+00 -.165203E+01 0.226750E+01 0.134971E+00 -.883557E+01 0.359807E+01 -.101341E+02 0.139104E+02 
   619        220      6 0.533409E+00 0.282490E+00 0.981651E+00 0.127598E+01 0.547860E+00 0.446734E+00 0.234719E+00 0.947026E+00 0.123153E+01 
   620       -230      6 -.662484E+00 -.635209E+00 0.163186E+01 0.193694E+01 0.497610E+00 -.731128E-01 -.428697E-01 0.132050E-01 0.162454E-01 
   621        331      6 0.116986E+00 -.948392E-01 0.286428E+01 0.304797E+01 0.103117E+01 -.647225E-01 -.402673E-01 0.745826E-01 0.799487E-01 
   622      -1137      6 0.445589E+00 0.218716E+00 0.110254E+02 0.112035E+02 0.192660E+01 0.183768E+00 0.857066E-01 0.622472E+01 0.632584E+01 
   623       1111      6 0.483400E+00 0.191086E+00 0.350867E+02 0.351162E+02 0.134306E+01 0.645480E+00 0.244182E+00 0.517720E+02 0.518102E+02 
   624       -120      8 -.471333E+00 0.601527E-01 0.100046E+02 0.100169E+02 0.139570E+00 -.243366E+01 0.264164E+00 0.502186E+02 0.502806E+02 
   625        120      8 -.140549E-01 -.613082E-01 0.457397E+01 0.457653E+01 0.139570E+00 -.965752E-01 -.163301E+00 0.936517E+01 0.937101E+01 
   626        221      6 0.382204E+00 0.782742E+00 0.129481E+03 0.129486E+03 0.794374E+00 0.199710E+00 0.510075E+00 0.906249E+02 0.906293E+02 
   627       -131      6 -.103825E+01 0.701726E+00 0.487878E+02 0.488111E+02 0.835326E+00 -.451329E+00 0.221445E+00 0.180224E+02 0.180316E+02 
   628        230      6 0.540750E+00 -.629358E+00 0.285150E+02 0.285315E+02 0.497610E+00 0.498033E+00 -.696323E+00 0.298377E+02 0.298555E+02 
   629        111      6 -.737485E+00 0.357934E+00 0.179640E+02 0.180030E+02 0.853886E+00 -.197244E+01 0.886635E+00 0.463944E+02 0.464654E+02 
   630        120      8 -.172255E+00 0.516809E+00 -.279641E+01 0.285239E+01 0.139570E+00 -.437987E+00 0.107437E+01 -.623397E+01 0.635959E+01 
   631       -121      6 -.170870E+00 -.158117E+00 -.777861E+01 0.781408E+01 0.706223E+00 -.252869E+00 -.261814E+00 -.905419E+01 0.909629E+01 
   632        110      8 -.182971E-01 -.612426E-02 -.144810E+00 0.198894E+00 0.134970E+00 -.115465E+00 -.983467E-01 -.486529E+00 0.669100E+00 
   633        120      8 -.504111E+00 0.684100E+00 -.106024E+01 0.136591E+01 0.139570E+00 -.127977E+01 0.158569E+01 -.257797E+01 0.332206E+01 
   634       -120      8 0.623496E+00 -.452317E+00 0.420325E+00 0.888533E+00 0.139569E+00 0.231250E+01 -.179453E+01 0.159546E+01 0.337313E+01 
   635        131      6 -.447240E+00 0.225472E+00 -.261044E+00 0.108188E+01 0.922745E+00 -.483217E+00 0.138632E+00 -.250425E+00 0.101380E+01 
   636       -131      6 0.245192E+00 -.601719E-02 0.680802E+01 0.688818E+01 0.101866E+01 0.305271E+00 -.865820E-01 0.997500E+01 0.100672E+02 
   637        220      6 0.315736E-01 -.988618E+00 0.469225E+02 0.469361E+02 0.547859E+00 -.500054E-01 -.202094E+00 0.590107E+01 0.590337E+01 
   638        120      8 0.195462E+00 0.400280E+00 0.140257E+02 0.140334E+02 0.139570E+00 0.345686E+01 0.711196E+01 0.251925E+03 0.252066E+03 
   639        111      6 -.263376E+00 -.165916E+00 0.119577E+02 0.119970E+02 0.918548E+00 -.158373E+01 -.104144E+01 0.694533E+02 0.695710E+02 
   640       -120      8 0.342762E-01 -.131397E+00 0.208458E+01 0.209366E+01 0.139570E+00 0.418075E-01 -.444950E+00 0.582539E+01 0.585135E+01 
   641        110      8 0.247433E+00 0.183256E+00 0.214967E+02 0.214993E+02 0.134969E+00 0.476168E+01 0.348885E+01 0.418379E+03 0.418431E+03 
   642        121      6 -.603829E+00 -.488100E+00 0.333248E+02 0.333376E+02 0.503437E+00 -.108075E+01 -.907746E+00 0.566666E+02 0.566890E+02 
   643       2237      6 -.634690E+00 -.355828E+00 0.208980E+03 0.208991E+03 0.197704E+01 -.431584E+00 -.289465E+00 0.124333E+03 0.124340E+03 
   644      -2233      6 0.265397E+00 -.429574E+00 0.221175E+03 0.221183E+03 0.181090E+01 0.181894E-01 -.194573E+00 0.601408E+02 0.601434E+02 
   645       2219      6 0.111824E+01 0.770808E+00 0.112601E+04 0.112601E+04 0.192324E+01 -.961791E+00 0.107093E+01 0.390612E+03 0.390617E+03 
   646        121      6 0.426761E+00 -.482980E-01 0.387154E+03 0.387155E+03 0.771737E+00 -.931934E+00 0.102729E+01 0.412693E+03 0.412699E+03 
   647       -120      8 -.226583E+00 0.393037E-03 0.284324E+02 0.284336E+02 0.139570E+00 -.116022E+01 0.103661E+01 0.358697E+03 0.358703E+03 
   648       -230      6 0.125559E+00 -.158763E-01 0.231441E+02 0.231498E+02 0.497610E+00 -.820411E+00 0.101213E+01 0.375401E+03 0.375415E+03 
   649        230      6 -.929437E-01 0.337672E+00 0.543520E+02 0.543554E+02 0.497610E+00 -.113749E+01 0.149241E+01 0.413500E+03 0.413510E+03 
   650        111      6 0.198483E+00 -.403391E+00 0.283679E+02 0.283826E+02 0.795055E+00 -.585863E+00 0.170362E+00 0.400992E+03 0.401018E+03 
   651       2221      6 0.837519E+00 -.317448E+00 -.100828E+04 0.100829E+04 0.135827E+01 0.103965E+01 0.174198E+01 -.300328E+03 0.300330E+03 
   652        120      8 -.359390E-01 -.177365E-01 -.435500E+02 0.435502E+02 0.139570E+00 0.746038E+00 0.179084E+01 -.119665E+03 0.119668E+03 
   653       -121      6 0.281147E+00 -.205743E-01 -.847906E+03 0.847906E+03 0.881790E+00 0.173657E+01 0.175890E+01 -.280456E+04 0.280457E+04 
   654        120      8 0.180188E+00 -.309430E+00 -.168547E+02 0.168591E+02 0.139569E+00 0.125222E+01 0.107976E+01 -.736337E+02 0.736461E+02 
   655       -120      8 0.477776E+00 0.411672E+00 -.573695E+02 0.573731E+02 0.139570E+00 0.614238E+01 0.641423E+01 -.672360E+03 0.672402E+03 
   656        121      6 -.486576E+00 -.425202E+00 -.496846E+02 0.496944E+02 0.744152E+00 0.363053E+00 0.142896E+01 -.793894E+02 0.794008E+02 
   657        120      8 -.174946E+00 0.277376E-01 -.615103E+01 0.615516E+01 0.139570E+00 0.465440E-01 -.148680E+01 -.936626E+02 0.937156E+02 
   658        110      8 0.197778E+00 -.317085E+00 -.125519E+02 0.125582E+02 0.134970E+00 0.465440E-01 -.148680E+01 -.936626E+02 0.937156E+02 
   659       -120      8 -.100937E-01 -.309167E+00 -.247451E+02 0.247474E+02 0.139570E+00 -.579236E+01 -.571799E+01 -.204698E+04 0.204707E+04 
   660        110      8 0.143217E-01 -.935963E-01 -.219336E+02 0.219342E+02 0.134970E+00 -.579236E+01 -.571799E+01 -.204698E+04 0.204707E+04 
   661        120      8 -.258896E+00 0.150068E+00 -.443851E+02 0.443864E+02 0.139570E+00 -.579236E+01 -.571799E+01 -.204698E+04 0.204707E+04 
   662      -1120      8 0.275489E-01 -.479298E+00 -.355059E+02 0.355215E+02 0.938270E+00 -.143943E+00 -.141327E-01 -.544998E+02 0.545106E+02 
   663       -120      8 -.166817E+00 0.522537E+00 -.641742E+02 0.641767E+02 0.139570E+00 -.143943E+00 -.141327E-01 -.544998E+02 0.545106E+02 
   664       1120      8 -.527356E-01 -.222904E-02 -.161972E+02 0.162244E+02 0.938270E+00 -.134235E+00 0.196716E-02 -.135052E+02 0.135146E+02 
   665        111      6 -.224500E+00 0.168065E+00 -.401593E+02 0.401660E+02 0.679040E+00 -.134235E+00 0.196716E-02 -.135052E+02 0.135146E+02 
   666         20      8 0.266885E+00 -.324745E+00 -.227234E+01 0.236386E+01 0.497610E+00 0.129059E+03 -.157159E+03 -.109942E+04 0.114363E+04 
   667       -120      8 0.641380E-01 -.112397E+00 -.156711E+01 0.157862E+01 0.139570E+00 -.843310E+00 0.100870E+01 -.165991E+02 0.167344E+02 
   668        110      8 -.381124E+00 0.540137E+00 -.521774E+01 0.526118E+01 0.134970E+00 -.843310E+00 0.100870E+01 -.165991E+02 0.167344E+02 
   669         10      8 0.456484E-01 0.686315E-01 -.627676E-01 0.103604E+00 0.000000E+00 0.300187E+06 0.158977E+06 0.552445E+06 0.718082E+06 
   670         10      8 0.487761E+00 0.213858E+00 0.104442E+01 0.117237E+01 0.000000E+00 0.300187E+06 0.158977E+06 0.552445E+06 0.718082E+06 
   671         20      8 -.662484E+00 -.635209E+00 0.163186E+01 0.193726E+01 0.497610E+00 -.718492E+03 -.688884E+03 0.176966E+04 0.210050E+04 
   672       -130      8 0.129049E+00 -.814096E-01 0.183348E+01 0.190491E+01 0.493680E+00 0.138199E+01 -.121310E+01 0.354960E+02 0.377729E+02 
   673        130      8 -.120633E-01 -.134296E-01 0.103080E+01 0.114306E+01 0.493680E+00 0.138199E+01 -.121310E+01 0.354960E+02 0.377729E+02 
   674       -120      8 0.432253E+00 -.261032E+00 0.306890E+01 0.311329E+01 0.139570E+00 0.536495E+00 0.258841E+00 0.149524E+02 0.151945E+02 
   675      -1231      6 0.133360E-01 0.479748E+00 0.795650E+01 0.809139E+01 0.139082E+01 0.536495E+00 0.258841E+00 0.149524E+02 0.151945E+02 
   676       1120      8 0.176804E+00 -.241494E-02 0.181571E+02 0.181822E+02 0.938270E+00 0.115349E+01 0.444996E+00 0.886449E+02 0.887141E+02 
   677        120      8 0.306597E+00 0.193501E+00 0.169296E+02 0.169340E+02 0.139570E+00 0.115349E+01 0.444996E+00 0.886449E+02 0.887141E+02 
   678       -120      8 0.244778E+00 0.363107E+00 0.503126E+02 0.503147E+02 0.139570E+00 0.101277E+01 0.217519E+01 0.366068E+03 0.366083E+03 
   679        110      8 0.106037E+00 0.393245E+00 0.739373E+02 0.739386E+02 0.134970E+00 0.101277E+01 0.217519E+01 0.366068E+03 0.366083E+03 
   680        120      8 0.313895E-01 0.263902E-01 0.523062E+01 0.523264E+01 0.139570E+00 0.101277E+01 0.217519E+01 0.366068E+03 0.366083E+03 
   681       -230      6 -.852376E+00 0.290574E+00 0.315615E+02 0.315782E+02 0.497610E+00 -.231795E+01 0.148305E+01 0.105736E+03 0.105787E+03 
   682       -120      8 -.185871E+00 0.411152E+00 0.172263E+02 0.172327E+02 0.139570E+00 -.231795E+01 0.148305E+01 0.105736E+03 0.105787E+03 
   683         20      8 0.540750E+00 -.629358E+00 0.285150E+02 0.285314E+02 0.497610E+00 0.191967E+03 -.223540E+03 0.101264E+05 0.101323E+05 
   684       -120      8 -.846392E+00 0.430634E+00 0.130608E+02 0.130960E+02 0.139570E+00 -.241475E+01 0.110130E+01 0.571682E+02 0.572627E+02 
   685        120      8 0.108907E+00 -.726996E-01 0.490321E+01 0.490695E+01 0.139570E+00 -.241475E+01 0.110130E+01 0.571682E+02 0.572627E+02 
   686       -120      8 -.341802E-01 -.246228E-02 -.689570E+01 0.689719E+01 0.139570E+00 -.699645E+00 -.675245E+00 -.293931E+02 0.295279E+02 
   687        110      8 -.136690E+00 -.155655E+00 -.882917E+00 0.916882E+00 0.134970E+00 -.699645E+00 -.675245E+00 -.293931E+02 0.295279E+02 
   688        230      6 -.111503E+00 0.266439E+00 0.809715E-01 0.581614E+00 0.497610E+00 -.785959E+01 0.385737E+01 -.455585E+01 0.188574E+02 
   689        120      8 -.335737E+00 -.409668E-01 -.342016E+00 0.500851E+00 0.139570E+00 -.785959E+01 0.385737E+01 -.455585E+01 0.188574E+02 
   690       -230      6 -.141512E+00 0.642580E-01 0.218286E+01 0.224443E+01 0.497610E+00 0.251948E+01 -.140920E+00 0.714550E+02 0.722711E+02 
   691       -120      8 0.386704E+00 -.702751E-01 0.462516E+01 0.464393E+01 0.139570E+00 0.251948E+01 -.140920E+00 0.714550E+02 0.722711E+02 
   692        110      8 0.585980E-01 -.514256E+00 0.200942E+02 0.201013E+02 0.134970E+00 0.780008E+04 -.244234E+06 0.115920E+08 0.115954E+08 
   693        110      8 0.335717E-01 -.394648E+00 0.205176E+02 0.205219E+02 0.134970E+00 0.780008E+04 -.244234E+06 0.115920E+08 0.115954E+08 
   694        110      8 -.605961E-01 -.797139E-01 0.631068E+01 0.631292E+01 0.134970E+00 0.780008E+04 -.244234E+06 0.115920E+08 0.115954E+08 
   695       -120      8 -.134887E+00 0.346224E+00 0.646785E+01 0.648001E+01 0.139570E+00 -.208955E+01 -.136009E+01 0.924185E+02 0.926116E+02 
   696        120      8 -.128489E+00 -.512140E+00 0.548986E+01 0.551696E+01 0.139570E+00 -.208955E+01 -.136009E+01 0.924185E+02 0.926116E+02 
   697        120      8 -.841081E-01 0.440769E-01 0.565026E+01 0.565278E+01 0.139570E+00 -.695982E+01 -.566005E+01 0.381127E+03 0.381275E+03 
   698        110      8 -.519721E+00 -.532177E+00 0.276745E+02 0.276848E+02 0.134970E+00 -.695982E+01 -.566005E+01 0.381127E+03 0.381275E+03 
   699       2130      8 -.218646E+00 -.869868E-01 0.190612E+03 0.190616E+03 0.111568E+01 -.102411E+01 -.621656E+00 0.319431E+03 0.319448E+03 
   700       -120      8 -.416044E+00 -.268841E+00 0.183684E+02 0.183756E+02 0.139570E+00 -.102411E+01 -.621656E+00 0.319431E+03 0.319448E+03 
   701      -2230      8 0.343307E+00 -.411690E+00 0.142365E+03 0.142371E+03 0.119744E+01 0.946970E+00 -.169791E+01 0.834161E+03 0.834192E+03 
   702        220      6 -.779103E-01 -.178836E-01 0.788097E+02 0.788116E+02 0.547861E+00 0.946970E+00 -.169791E+01 0.834161E+03 0.834192E+03 
   703       1220      8 0.153633E+00 0.153616E+00 0.506277E+03 0.506278E+03 0.939650E+00 -.396867E+00 0.146034E+01 0.959462E+03 0.959469E+03 
